test_num,num_syscalls,program_size,time_taken
18,30,4112,3.048832
18,30,4112,3.35168
18,30,4112,2.967151
18,30,4112,3.367792
18,30,4112,3.296103
18,30,4112,2.984187
18,30,4112,3.31547
18,30,4112,3.435351
18,30,4112,1.612285
18,30,4112,2.940096
18,30,4112,3.215091
18,30,4112,3.148768
18,30,4112,3.349884
18,30,4112,3.281388
18,30,4112,3.037553
18,30,4112,2.72249
18,30,4112,3.112188
18,30,4112,3.158621
18,30,4112,3.299725
18,30,4112,3.060446
18,30,4112,2.967776
18,30,4112,3.152568
18,30,4112,3.221215
18,30,4112,3.083915
18,30,4112,3.291941
18,30,4112,3.190818
18,30,4112,2.851069
18,30,4112,3.145641
18,30,4112,3.243369
18,30,4112,2.736925
18,30,4112,3.120212
18,30,4112,3.257558
18,30,4112,3.121855
18,30,4112,3.504075
18,30,4112,3.178396
18,30,4112,3.024207
18,30,4112,2.750403
18,30,4112,3.073868
18,30,4112,3.420173
18,30,4112,2.777301
18,30,4112,3.191962
18,30,4112,3.15275
18,30,4112,3.00649
18,30,4112,3.17509
18,30,4112,3.412402
18,30,4112,2.924416
18,30,4112,3.401678
18,30,4112,3.352982
18,30,4112,3.16759
18,30,4112,3.329496
18,30,4112,2.988787
18,30,4112,3.052952
18,30,4112,3.18102
18,30,4112,2.645923
18,30,4112,2.944618
18,30,4112,3.267957
18,30,4112,3.08363
18,30,4112,3.258506
18,30,4112,3.1753
18,30,4112,3.298034
18,30,4112,2.957933
18,30,4112,3.25302
18,30,4112,3.244082
18,30,4112,3.012374
18,30,4112,1.792234
18,30,4112,3.059285
18,30,4112,2.782764
18,30,4112,3.093716
18,30,4112,3.046983
18,30,4112,2.521814
18,30,4112,3.251684
18,30,4112,3.036341
18,30,4112,3.275593
18,30,4112,3.238017
18,30,4112,3.228885
18,30,4112,3.158452
18,30,4112,3.131341
18,30,4112,3.273867
18,30,4112,2.577651
18,30,4112,3.150356
18,30,4112,3.01493
18,30,4112,2.867181
18,30,4112,3.055489
18,30,4112,2.920817
18,30,4112,2.869731
18,30,4112,2.613744
18,30,4112,3.350101
18,30,4112,3.095806
18,30,4112,1.664366
18,30,4112,3.15828
18,30,4112,2.953453
18,30,4112,3.171875
18,30,4112,3.477907
18,30,4112,2.972521
18,30,4112,3.319362
18,30,4112,3.284644
18,30,4112,2.198202
18,30,4112,3.067865
18,30,4112,2.510554
18,30,4112,3.185858
18,30,4112,3.227723
18,30,4112,3.014416
18,30,4112,1.879136
18,30,4112,2.717653
18,30,4112,3.531867
18,30,4112,3.183959
18,30,4112,3.092881
18,30,4112,3.436656
18,30,4112,3.358728
18,30,4112,3.077384
18,30,4112,3.051536
18,30,4112,3.241617
18,30,4112,3.32692
18,30,4112,3.275441
18,30,4112,2.490373
18,30,4112,3.312991
18,30,4112,2.959772
18,30,4112,3.321702
18,30,4112,2.653881
18,30,4112,3.224504
18,30,4112,3.264113
18,30,4112,3.220307
18,30,4112,3.052502
18,30,4112,2.944544
18,30,4112,3.339445
18,30,4112,2.820128
18,30,4112,3.218465
18,30,4112,3.265454
18,30,4112,1.691096
18,30,4112,3.235303
18,30,4112,3.055301
18,30,4112,3.423964
18,30,4112,3.10905
18,30,4112,3.27672
18,30,4112,3.163859
18,30,4112,3.346567
18,30,4112,3.204707
18,30,4112,3.465142
18,30,4112,3.412513
18,30,4112,3.104274
18,30,4112,3.002456
18,30,4112,3.183103
18,30,4112,2.9294
18,30,4112,2.869596
18,30,4112,3.296589
18,30,4112,3.271055
18,30,4112,3.131266
18,30,4112,2.985892
18,30,4112,2.96834
18,30,4112,3.196586
18,30,4112,3.190727
18,30,4112,3.46446
18,30,4112,3.418579
18,30,4112,2.694105
18,30,4112,2.743432
18,30,4112,3.346443
18,30,4112,3.215853
18,30,4112,2.868249
18,30,4112,3.775237
18,30,4112,3.309475
18,30,4112,2.925784
18,30,4112,3.111007
18,30,4112,2.868669
18,30,4112,3.155857
18,30,4112,2.717022
18,30,4112,3.092279
18,30,4112,3.204855
18,30,4112,3.278667
18,30,4112,2.084386
18,30,4112,3.159802
18,30,4112,2.927471
18,30,4112,3.303845
18,30,4112,3.164723
18,30,4112,3.124046
18,30,4112,2.825024
18,30,4112,3.271075
18,30,4112,3.016657
18,30,4112,2.931878
18,30,4112,3.02463
18,30,4112,3.01542
18,30,4112,3.091377
18,30,4112,2.99546
18,30,4112,3.286496
18,30,4112,2.882744
18,30,4112,3.026841
18,30,4112,3.091093
18,30,4112,2.916514
18,30,4112,3.44304
18,30,4112,3.252557
18,30,4112,2.795135
17,30,9076,11.49684
17,30,9076,7.745062
17,30,9076,10.945871
17,30,9076,7.245086
17,30,9076,11.312525
17,30,9076,7.650435
17,30,9076,11.575432
17,30,9076,10.661163
17,30,9076,12.31794
17,30,9076,12.1482
17,30,9076,8.339714
17,30,9076,7.15225
17,30,9076,7.483103
17,30,9076,7.932118
17,30,9076,11.69679
17,30,9076,10.237824
17,30,9076,7.491634
17,30,9076,8.170798
17,30,9076,8.088613
17,30,9076,11.787709
17,30,9076,8.021733
17,30,9076,11.560542
17,30,9076,7.087213
17,30,9076,8.117288
17,30,9076,7.591216
17,30,9076,10.460819
17,30,9076,8.270041
17,30,9076,7.725556
17,30,9076,7.609076
17,30,9076,8.206798
17,30,9076,7.382291
17,30,9076,11.358907
17,30,9076,7.625959
17,30,9076,12.244412
17,30,9076,7.951481
17,30,9076,7.517254
17,30,9076,12.317782
17,30,9076,12.204349
17,30,9076,6.899774
17,30,9076,11.506078
17,30,9076,8.181128
17,30,9076,7.707186
17,30,9076,11.905318
17,30,9076,7.991715
17,30,9076,7.227598
17,30,9076,7.571526
17,30,9076,7.591023
17,30,9076,8.109662
17,30,9076,6.866656
17,30,9076,7.975936
17,30,9076,7.349521
17,30,9076,9.069088
17,30,9076,7.656275
17,30,9076,12.538536
17,30,9076,10.203597
17,30,9076,7.385463
17,30,9076,7.515879
17,30,9076,7.142016
17,30,9076,7.759599
17,30,9076,11.490449
17,30,9076,7.622676
17,30,9076,12.116105
17,30,9076,8.415531
17,30,9076,7.437282
17,30,9076,8.454321
17,30,9076,11.98801
17,30,9076,7.514121
17,30,9076,12.004463
17,30,9076,7.530748
17,30,9076,7.966146
17,30,9076,11.552672
17,30,9076,10.887191
17,30,9076,8.115199
17,30,9076,12.129068
17,30,9076,7.734642
17,30,9076,7.96046
17,30,9076,7.658867
17,30,9076,8.078582
17,30,9076,10.279774
17,30,9076,7.853887
17,30,9076,11.220051
17,30,9076,8.324582
17,30,9076,11.617076
17,30,9076,7.963483
17,30,9076,11.751114
17,30,9076,11.702444
17,30,9076,7.457556
17,30,9076,7.076857
17,30,9076,7.742981
17,30,9076,8.170467
17,30,9076,6.913251
17,30,9076,7.901294
17,30,9076,11.931279
17,30,9076,12.24976
17,30,9076,7.674913
17,30,9076,8.191854
17,30,9076,11.586651
17,30,9076,12.056402
17,30,9076,7.005125
17,30,9076,12.187925
17,30,9076,7.424354
17,30,9076,8.044547
17,30,9076,7.837873
17,30,9076,7.892322
17,30,9076,7.850069
17,30,9076,8.213834
17,30,9076,7.750143
17,30,9076,11.577534
17,30,9076,7.297594
17,30,9076,11.42055
17,30,9076,7.689667
17,30,9076,7.610047
17,30,9076,11.70481
17,30,9076,7.160856
17,30,9076,7.64864
17,30,9076,7.95524
17,30,9076,8.178783
17,30,9076,10.465981
17,30,9076,7.751349
17,30,9076,12.087944
17,30,9076,7.612176
17,30,9076,8.215394
17,30,9076,7.965455
17,30,9076,7.834764
17,30,9076,12.290926
17,30,9076,7.897182
17,30,9076,7.260612
17,30,9076,7.45938
17,30,9076,8.130574
17,30,9076,8.060876
17,30,9076,8.385904
17,30,9076,11.731834
17,30,9076,11.8782
17,30,9076,8.024742
17,30,9076,12.036458
17,30,9076,12.02515
17,30,9076,8.231238
17,30,9076,12.041526
17,30,9076,11.936561
17,30,9076,8.085065
17,30,9076,8.018975
17,30,9076,7.909242
17,30,9076,11.134625
17,30,9076,11.537109
17,30,9076,12.225955
17,30,9076,7.378926
17,30,9076,11.628697
17,30,9076,11.692125
17,30,9076,12.378579
17,30,9076,7.113811
17,30,9076,8.013238
17,30,9076,11.63437
17,30,9076,8.238878
17,30,9076,7.989545
17,30,9076,7.105151
17,30,9076,8.223336
17,30,9076,11.297704
17,30,9076,7.255624
17,30,9076,11.099628
17,30,9076,9.984868
17,30,9076,8.263617
17,30,9076,12.306687
17,30,9076,10.749533
17,30,9076,6.972225
17,30,9076,8.212333
17,30,9076,11.890148
17,30,9076,7.755155
17,30,9076,11.640669
17,30,9076,6.953108
17,30,9076,7.635695
17,30,9076,7.724278
17,30,9076,10.789891
17,30,9076,12.616476
17,30,9076,7.759561
17,30,9076,8.563729
17,30,9076,8.424971
17,30,9076,7.758686
17,30,9076,8.144859
17,30,9076,11.872474
17,30,9076,9.151228
17,30,9076,12.555244
17,30,9076,7.75133
17,30,9076,12.142791
17,30,9076,7.638215
17,30,9076,11.682842
17,30,9076,8.147179
17,30,9076,7.353385
17,30,9076,7.818357
17,30,9076,11.805444
17,30,9076,7.965537
17,30,9076,7.471479
17,30,9076,7.791609
17,30,9076,7.809388
17,30,9076,11.997088
17,30,9076,7.427325
17,30,9076,7.866841
17,30,9076,11.860725
17,30,9076,11.443702
17,30,9076,7.211899
17,30,9076,11.763877
17,30,9076,8.703917
17,30,9076,7.980529
17,30,9076,12.45432
17,30,9076,7.676793
17,30,9076,11.982439
17,30,9076,11.956825
104,30,3673,2.099862
104,30,3673,1.626395
104,30,3673,1.83067
104,30,3673,2.145319
104,30,3673,2.558827
104,30,3673,2.393098
104,30,3673,2.28645
104,30,3673,1.920023
104,30,3673,1.918796
104,30,3673,2.160173
104,30,3673,2.293952
104,30,3673,1.773321
104,30,3673,2.290919
104,30,3673,2.34278
104,30,3673,2.329423
104,30,3673,2.097732
104,30,3673,2.260132
104,30,3673,1.796921
104,30,3673,2.102025
104,30,3673,2.018828
104,30,3673,2.026625
104,30,3673,2.267136
104,30,3673,2.34062
104,30,3673,1.834842
104,30,3673,2.106294
104,30,3673,2.062668
104,30,3673,2.167027
104,30,3673,1.925792
104,30,3673,2.06135
104,30,3673,1.424306
104,30,3673,1.370391
104,30,3673,1.394905
104,30,3673,2.249433
104,30,3673,2.219199
104,30,3673,2.27029
104,30,3673,2.063892
104,30,3673,1.412643
104,30,3673,2.346461
104,30,3673,2.430494
104,30,3673,2.201506
104,30,3673,2.353411
104,30,3673,1.987996
104,30,3673,2.171039
104,30,3673,2.019881
104,30,3673,2.105005
104,30,3673,2.316335
104,30,3673,2.166098
104,30,3673,2.267947
104,30,3673,1.795081
104,30,3673,2.07185
104,30,3673,2.223066
104,30,3673,2.220573
104,30,3673,2.183315
104,30,3673,1.775339
104,30,3673,1.78522
104,30,3673,2.174915
104,30,3673,1.664267
104,30,3673,1.755805
104,30,3673,2.282124
104,30,3673,2.344258
104,30,3673,2.204019
104,30,3673,2.276743
104,30,3673,2.078504
104,30,3673,2.233249
104,30,3673,1.815237
104,30,3673,2.29269
104,30,3673,1.531653
104,30,3673,2.207616
104,30,3673,1.611997
104,30,3673,1.636062
104,30,3673,1.997304
104,30,3673,2.027201
104,30,3673,1.718393
104,30,3673,1.369861
104,30,3673,2.329822
104,30,3673,2.105958
104,30,3673,1.75221
104,30,3673,2.158289
104,30,3673,2.303984
104,30,3673,1.776184
104,30,3673,1.937999
104,30,3673,1.400464
104,30,3673,2.389408
104,30,3673,2.026979
104,30,3673,1.480694
104,30,3673,1.98831
104,30,3673,1.583756
104,30,3673,1.428718
104,30,3673,1.827226
104,30,3673,1.933603
104,30,3673,2.083309
104,30,3673,2.20763
104,30,3673,2.094127
104,30,3673,1.985084
104,30,3673,2.144349
104,30,3673,2.218747
104,30,3673,1.609573
104,30,3673,1.554679
104,30,3673,1.394786
104,30,3673,2.488365
104,30,3673,2.08407
104,30,3673,2.08915
104,30,3673,2.365572
104,30,3673,1.67132
104,30,3673,2.190119
104,30,3673,2.254529
104,30,3673,2.256691
104,30,3673,2.01025
104,30,3673,2.122484
104,30,3673,2.138551
104,30,3673,2.190114
104,30,3673,2.197305
104,30,3673,2.236439
104,30,3673,1.917782
104,30,3673,2.105306
104,30,3673,1.728669
104,30,3673,2.258809
104,30,3673,1.446233
104,30,3673,1.965119
104,30,3673,2.212762
104,30,3673,1.867447
104,30,3673,2.312134
104,30,3673,1.680141
104,30,3673,1.820478
104,30,3673,2.165163
104,30,3673,2.284385
104,30,3673,1.647434
104,30,3673,1.500597
104,30,3673,2.296675
104,30,3673,2.167672
104,30,3673,1.833711
104,30,3673,2.347553
104,30,3673,1.300579
104,30,3673,2.057387
104,30,3673,1.520028
104,30,3673,2.27753
104,30,3673,1.791649
104,30,3673,2.30533
104,30,3673,1.975774
104,30,3673,2.134296
104,30,3673,1.943985
104,30,3673,2.042788
104,30,3673,2.217141
104,30,3673,2.198792
104,30,3673,2.215636
104,30,3673,1.414577
104,30,3673,2.001216
104,30,3673,2.305805
104,30,3673,2.143499
104,30,3673,1.787208
104,30,3673,1.553021
104,30,3673,1.534316
104,30,3673,1.636616
104,30,3673,2.283702
104,30,3673,1.949133
104,30,3673,2.246675
104,30,3673,2.210764
104,30,3673,1.853582
104,30,3673,1.923102
104,30,3673,2.170374
104,30,3673,2.317546
104,30,3673,2.014534
104,30,3673,1.597879
104,30,3673,1.935835
104,30,3673,2.299967
104,30,3673,2.250027
104,30,3673,1.989583
104,30,3673,1.618038
104,30,3673,2.042191
104,30,3673,2.054641
104,30,3673,1.92582
104,30,3673,1.888969
104,30,3673,1.807232
104,30,3673,2.191957
104,30,3673,2.31636
104,30,3673,2.192717
104,30,3673,2.256912
105,30,5296,13.17323
105,30,5296,12.585615
105,30,5296,12.723306
105,30,5296,12.46831
105,30,5296,13.269266
105,30,5296,12.570613
105,30,5296,11.8128
105,30,5296,12.888358
105,30,5296,13.660654
105,30,5296,13.729763
46,30,5057,0.994523
46,30,5057,0.931208
46,30,5057,0.953817
46,30,5057,1.018975
46,30,5057,0.66044
46,30,5057,0.934313
46,30,5057,0.560193
46,30,5057,0.939377
46,30,5057,0.979835
46,30,5057,0.845538
46,30,5057,0.692185
46,30,5057,0.910036
46,30,5057,0.894048
46,30,5057,0.982019
46,30,5057,0.948073
46,30,5057,0.99438
46,30,5057,0.799694
46,30,5057,1.00227
46,30,5057,0.864214
46,30,5057,0.910248
46,30,5057,0.669864
46,30,5057,0.855331
88,30,12131,13.271228
99,30,4407,3.251365
99,30,4407,3.583118
99,30,4407,3.570305
99,30,4407,3.527194
99,30,4407,3.40633
99,30,4407,3.472382
99,30,4407,3.525305
99,30,4407,3.268595
99,30,4407,2.965753
99,30,4407,3.861007
99,30,4407,3.536248
99,30,4407,3.577271
99,30,4407,3.264269
99,30,4407,3.287453
99,30,4407,3.327587
99,30,4407,3.305843
99,30,4407,2.863067
99,30,4407,3.413857
99,30,4407,3.486515
99,30,4407,2.369461
99,30,4407,2.007961
99,30,4407,3.047272
99,30,4407,3.421003
99,30,4407,2.929927
99,30,4407,3.116895
99,30,4407,3.422201
99,30,4407,2.777135
99,30,4407,3.652109
99,30,4407,3.414512
99,30,4407,3.000635
99,30,4407,2.667071
99,30,4407,3.531034
99,30,4407,3.277409
99,30,4407,3.370656
99,30,4407,3.205942
99,30,4407,2.204259
99,30,4407,2.874607
99,30,4407,3.125357
99,30,4407,3.069888
99,30,4407,3.005982
99,30,4407,3.520682
99,30,4407,4.18194
99,30,4407,2.321974
99,30,4407,3.395532
99,30,4407,3.157168
99,30,4407,3.885273
99,30,4407,3.35959
99,30,4407,3.244621
99,30,4407,3.153243
99,30,4407,3.368361
99,30,4407,3.999355
99,30,4407,3.13322
99,30,4407,2.128491
99,30,4407,2.130849
99,30,4407,3.677883
99,30,4407,3.47288
99,30,4407,3.378419
99,30,4407,2.514812
99,30,4407,3.696807
99,30,4407,2.794615
99,30,4407,3.10796
99,30,4407,2.779107
99,30,4407,3.105646
99,30,4407,3.31825
99,30,4407,2.949289
99,30,4407,3.374044
99,30,4407,2.957317
99,30,4407,3.604492
99,30,4407,3.474643
99,30,4407,3.115745
99,30,4407,4.051203
99,30,4407,3.907335
99,30,4407,3.7015
99,30,4407,3.492042
99,30,4407,2.849155
99,30,4407,3.56414
99,30,4407,3.673451
99,30,4407,3.897533
99,30,4407,2.938791
99,30,4407,3.846589
99,30,4407,3.129742
99,30,4407,3.535552
99,30,4407,3.404744
99,30,4407,3.822398
99,30,4407,3.470353
99,30,4407,3.587779
99,30,4407,3.624284
99,30,4407,3.097236
99,30,4407,3.483563
99,30,4407,2.730356
99,30,4407,3.633994
99,30,4407,3.050794
99,30,4407,3.822768
94,30,12887,13.236311
18,30,4112,3.104746
18,30,4112,3.172825
18,30,4112,3.133242
18,30,4112,3.144799
18,30,4112,3.097653
18,30,4112,3.277821
18,30,4112,3.073497
18,30,4112,3.12737
18,30,4112,3.191188
18,30,4112,3.019602
18,30,4112,3.429866
18,30,4112,3.0557
18,30,4112,3.075829
18,30,4112,3.352096
18,30,4112,3.125951
18,30,4112,3.322047
18,30,4112,3.065602
18,30,4112,2.578719
18,30,4112,2.919472
18,30,4112,3.178599
18,30,4112,3.056442
18,30,4112,2.967185
18,30,4112,2.9385
18,30,4112,2.731504
18,30,4112,2.95377
18,30,4112,3.108551
18,30,4112,3.15031
18,30,4112,3.295199
18,30,4112,2.765235
18,30,4112,3.114918
18,30,4112,3.008949
18,30,4112,3.128787
18,30,4112,3.074096
18,30,4112,3.41432
18,30,4112,3.440732
18,30,4112,3.226911
18,30,4112,2.787428
18,30,4112,2.758978
18,30,4112,2.467047
18,30,4112,3.396764
18,30,4112,3.150317
18,30,4112,3.079271
18,30,4112,3.178873
18,30,4112,3.436215
18,30,4112,2.888806
18,30,4112,3.137662
18,30,4112,3.421199
18,30,4112,3.039822
18,30,4112,3.28462
18,30,4112,3.1718
18,30,4112,3.239294
18,30,4112,3.362418
18,30,4112,3.281562
18,30,4112,2.527791
18,30,4112,3.238749
18,30,4112,3.121596
18,30,4112,3.177627
18,30,4112,2.965628
18,30,4112,3.223619
18,30,4112,2.676433
18,30,4112,3.012722
18,30,4112,2.774569
18,30,4112,3.178347
18,30,4112,3.176064
18,30,4112,3.3373
18,30,4112,3.07088
18,30,4112,3.259078
18,30,4112,3.199525
18,30,4112,3.23792
18,30,4112,3.283821
18,30,4112,2.909085
18,30,4112,2.949515
18,30,4112,3.092706
18,30,4112,3.054366
18,30,4112,3.133698
18,30,4112,3.032521
18,30,4112,2.849126
18,30,4112,3.149735
18,30,4112,3.351091
18,30,4112,2.696506
18,30,4112,3.098588
18,30,4112,2.547808
18,30,4112,3.278022
18,30,4112,3.213947
18,30,4112,3.189773
18,30,4112,3.028348
18,30,4112,2.997789
18,30,4112,3.169176
18,30,4112,2.565378
18,30,4112,3.311692
18,30,4112,3.206602
18,30,4112,2.807607
18,30,4112,2.777005
18,30,4112,3.311037
18,30,4112,3.152545
18,30,4112,3.112241
18,30,4112,2.981067
18,30,4112,3.299322
18,30,4112,2.795354
18,30,4112,3.110694
18,30,4112,3.035495
18,30,4112,3.489945
18,30,4112,3.34234
18,30,4112,3.083086
18,30,4112,2.858506
18,30,4112,2.928334
18,30,4112,2.037381
18,30,4112,3.146649
18,30,4112,3.133225
18,30,4112,3.085179
18,30,4112,3.165225
18,30,4112,2.666958
18,30,4112,3.166825
18,30,4112,2.802478
18,30,4112,3.156013
18,30,4112,3.322967
18,30,4112,3.082475
18,30,4112,3.329537
18,30,4112,3.098395
18,30,4112,3.002833
18,30,4112,2.950904
18,30,4112,2.571672
18,30,4112,3.195336
18,30,4112,3.528027
18,30,4112,3.15547
18,30,4112,2.718877
18,30,4112,3.145586
18,30,4112,2.944132
18,30,4112,3.053667
18,30,4112,3.248908
18,30,4112,3.234347
18,30,4112,3.097008
18,30,4112,3.081401
18,30,4112,3.070828
18,30,4112,3.105103
18,30,4112,2.992761
18,30,4112,3.385372
18,30,4112,2.482401
18,30,4112,3.013742
18,30,4112,3.089426
18,30,4112,3.493373
18,30,4112,3.153039
18,30,4112,2.748974
18,30,4112,2.661183
18,30,4112,3.360695
18,30,4112,2.731431
18,30,4112,2.876683
18,30,4112,2.858741
18,30,4112,3.037093
18,30,4112,2.355714
18,30,4112,3.420823
18,30,4112,3.158224
18,30,4112,3.262478
18,30,4112,2.788316
18,30,4112,3.292204
18,30,4112,2.864301
18,30,4112,3.03312
18,30,4112,3.041498
18,30,4112,3.073736
18,30,4112,2.828809
18,30,4112,2.897695
18,30,4112,2.878126
18,30,4112,3.15484
18,30,4112,3.368335
18,30,4112,2.435427
18,30,4112,3.317312
18,30,4112,2.902083
18,30,4112,3.064481
18,30,4112,3.206244
18,30,4112,3.386841
18,30,4112,3.592228
18,30,4112,2.934991
18,30,4112,2.970468
18,30,4112,3.173913
18,30,4112,3.254239
18,30,4112,2.408815
18,30,4112,3.032231
18,30,4112,3.371935
18,30,4112,3.28632
18,30,4112,3.265643
18,30,4112,3.065783
18,30,4112,3.084515
18,30,4112,2.932512
18,30,4112,2.953647
18,30,4112,3.17992
18,30,4112,3.140573
18,30,4112,2.583421
18,30,4112,3.091942
18,30,4112,3.434278
18,30,4112,3.141956
18,30,4112,3.414617
18,30,4112,2.832748
18,30,4112,3.338269
18,30,4112,2.737092
18,30,4112,3.089846
18,30,4112,2.949838
18,30,4112,2.534672
18,30,4112,2.953477
18,30,4112,3.084525
18,30,4112,2.857694
18,30,4112,3.028491
18,30,4112,3.287596
18,30,4112,3.09383
18,30,4112,3.078492
18,30,4112,2.908871
18,30,4112,3.416881
18,30,4112,3.054172
18,30,4112,3.055703
18,30,4112,3.243537
18,30,4112,2.818772
18,30,4112,3.17996
18,30,4112,2.497501
18,30,4112,3.110489
18,30,4112,2.845195
18,30,4112,3.07674
18,30,4112,3.012793
18,30,4112,3.493956
18,30,4112,3.077977
18,30,4112,3.228641
18,30,4112,2.702855
18,30,4112,3.144698
18,30,4112,2.971311
18,30,4112,3.033776
18,30,4112,2.913555
18,30,4112,3.093174
18,30,4112,3.443445
18,30,4112,3.167562
18,30,4112,3.173316
18,30,4112,3.478685
18,30,4112,3.562869
18,30,4112,3.601848
18,30,4112,2.951725
18,30,4112,3.063916
18,30,4112,3.395809
18,30,4112,2.89749
18,30,4112,2.97275
18,30,4112,3.403233
18,30,4112,2.858567
18,30,4112,3.053433
18,30,4112,3.112181
18,30,4112,3.50103
18,30,4112,2.985066
18,30,4112,3.092161
18,30,4112,3.374924
18,30,4112,3.213373
18,30,4112,3.183741
18,30,4112,3.029466
18,30,4112,3.202753
18,30,4112,3.326662
18,30,4112,3.289757
18,30,4112,3.203297
18,30,4112,3.291315
18,30,4112,2.858738
18,30,4112,3.13112
18,30,4112,3.204103
18,30,4112,3.272188
18,30,4112,3.011813
18,30,4112,3.204984
18,30,4112,3.158959
18,30,4112,3.219556
18,30,4112,3.195929
18,30,4112,2.997072
18,30,4112,3.68861
18,30,4112,3.14213
18,30,4112,3.171381
18,30,4112,3.437436
18,30,4112,3.11185
18,30,4112,2.609354
18,30,4112,2.109738
18,30,4112,3.155932
18,30,4112,3.177413
18,30,4112,3.086238
18,30,4112,3.184761
18,30,4112,2.717291
18,30,4112,3.056534
18,30,4112,3.069971
18,30,4112,2.798636
18,30,4112,3.105409
18,30,4112,3.102439
18,30,4112,3.043951
18,30,4112,2.954151
18,30,4112,3.279123
18,30,4112,2.876021
18,30,4112,2.828535
18,30,4112,3.183796
18,30,4112,3.205771
18,30,4112,3.4484
18,30,4112,3.061887
18,30,4112,3.009331
18,30,4112,3.263947
18,30,4112,3.147621
18,30,4112,3.384894
18,30,4112,2.657227
18,30,4112,3.003034
18,30,4112,3.112757
18,30,4112,2.147401
18,30,4112,3.239886
18,30,4112,3.064221
18,30,4112,3.393085
18,30,4112,3.260567
18,30,4112,3.372296
18,30,4112,3.546146
18,30,4112,3.113649
18,30,4112,2.69211
18,30,4112,2.493238
18,30,4112,2.832532
18,30,4112,3.067944
18,30,4112,2.765641
18,30,4112,2.534312
18,30,4112,3.355661
18,30,4112,2.886777
18,30,4112,3.140476
18,30,4112,3.010388
18,30,4112,2.888689
18,30,4112,2.733037
18,30,4112,2.964995
18,30,4112,3.22833
18,30,4112,2.637754
18,30,4112,2.505648
18,30,4112,3.377287
18,30,4112,3.317902
18,30,4112,3.026925
18,30,4112,3.0761
18,30,4112,2.223504
18,30,4112,2.982868
18,30,4112,3.290436
18,30,4112,2.242116
18,30,4112,3.198908
18,30,4112,3.165569
18,30,4112,3.162421
18,30,4112,3.375277
18,30,4112,3.061037
18,30,4112,3.351876
18,30,4112,3.158898
18,30,4112,2.782774
18,30,4112,3.196487
18,30,4112,2.816053
18,30,4112,3.173676
18,30,4112,3.082763
18,30,4112,3.470544
18,30,4112,3.222205
18,30,4112,3.29577
18,30,4112,3.412096
18,30,4112,3.243878
18,30,4112,2.583952
18,30,4112,3.270902
18,30,4112,3.108182
18,30,4112,3.261135
18,30,4112,3.276079
18,30,4112,3.137782
18,30,4112,3.224873
18,30,4112,3.255438
18,30,4112,2.398381
18,30,4112,3.418079
18,30,4112,3.23497
18,30,4112,2.751876
18,30,4112,2.440918
18,30,4112,3.036741
18,30,4112,3.216954
18,30,4112,3.339246
18,30,4112,3.0004
18,30,4112,3.066161
18,30,4112,3.441898
18,30,4112,3.068551
18,30,4112,2.208315
18,30,4112,3.075181
18,30,4112,3.107306
18,30,4112,3.26853
18,30,4112,3.214711
18,30,4112,3.184898
18,30,4112,2.701791
18,30,4112,3.226281
18,30,4112,3.283179
17,30,9076,12.621338
17,30,9076,11.883351
17,30,9076,10.669664
17,30,9076,8.125501
17,30,9076,12.367716
17,30,9076,7.824933
17,30,9076,8.373141
17,30,9076,12.09502
17,30,9076,11.806043
17,30,9076,12.213049
17,30,9076,11.933535
17,30,9076,11.846248
17,30,9076,7.753621
17,30,9076,8.341626
17,30,9076,12.401118
17,30,9076,7.215793
17,30,9076,12.238812
17,30,9076,7.890456
17,30,9076,8.540384
17,30,9076,12.808991
17,30,9076,11.891783
17,30,9076,7.748629
17,30,9076,12.175459
17,30,9076,7.5825
17,30,9076,7.956239
17,30,9076,8.410111
17,30,9076,6.908599
17,30,9076,7.425455
17,30,9076,11.092195
17,30,9076,7.554938
17,30,9076,7.991506
17,30,9076,12.120858
17,30,9076,7.749962
17,30,9076,12.131627
17,30,9076,6.949406
17,30,9076,7.83493
17,30,9076,12.293093
17,30,9076,7.883469
17,30,9076,11.171339
17,30,9076,12.835627
17,30,9076,11.584342
17,30,9076,11.700842
17,30,9076,7.680004
17,30,9076,12.207152
17,30,9076,12.960109
17,30,9076,11.656151
17,30,9076,7.674207
17,30,9076,11.389386
17,30,9076,7.343588
17,30,9076,7.391566
17,30,9076,7.562307
17,30,9076,7.59054
17,30,9076,11.249007
17,30,9076,7.543556
17,30,9076,12.848358
17,30,9076,12.31952
17,30,9076,8.196659
17,30,9076,12.439527
17,30,9076,8.093583
17,30,9076,11.867275
17,30,9076,7.159692
17,30,9076,12.420009
17,30,9076,11.429569
17,30,9076,7.73387
17,30,9076,12.149304
17,30,9076,12.629888
17,30,9076,12.235297
17,30,9076,8.192586
17,30,9076,12.380248
17,30,9076,11.353999
17,30,9076,7.838095
17,30,9076,12.251649
17,30,9076,7.566589
17,30,9076,8.170327
17,30,9076,8.791442
17,30,9076,12.158117
17,30,9076,12.11693
17,30,9076,11.721009
17,30,9076,7.067644
17,30,9076,12.25281
17,30,9076,12.308429
17,30,9076,10.829608
17,30,9076,12.089345
17,30,9076,7.669826
17,30,9076,7.444913
17,30,9076,8.360575
17,30,9076,7.952342
17,30,9076,10.646088
17,30,9076,11.963155
17,30,9076,11.689646
17,30,9076,11.76167
17,30,9076,7.565681
17,30,9076,11.731451
17,30,9076,8.275619
17,30,9076,12.608758
17,30,9076,7.762977
17,30,9076,7.951904
17,30,9076,8.42456
17,30,9076,12.148769
17,30,9076,7.079834
17,30,9076,12.509331
17,30,9076,7.973485
17,30,9076,12.140272
17,30,9076,8.473151
17,30,9076,7.789782
17,30,9076,11.167988
17,30,9076,7.380355
17,30,9076,8.826155
17,30,9076,12.154335
17,30,9076,8.192854
17,30,9076,7.977535
17,30,9076,8.266159
17,30,9076,11.942269
17,30,9076,11.239944
17,30,9076,6.853694
17,30,9076,10.43678
17,30,9076,12.101916
17,30,9076,11.469169
17,30,9076,6.690527
17,30,9076,7.920402
17,30,9076,11.693343
17,30,9076,7.700384
17,30,9076,12.257189
17,30,9076,12.041841
17,30,9076,11.371948
17,30,9076,12.090119
17,30,9076,7.565033
17,30,9076,11.516746
17,30,9076,6.546641
17,30,9076,7.677782
17,30,9076,12.266688
17,30,9076,7.621121
17,30,9076,6.999502
17,30,9076,10.423972
17,30,9076,7.925571
17,30,9076,10.115745
17,30,9076,8.419653
17,30,9076,7.40059
17,30,9076,11.756992
17,30,9076,7.614001
17,30,9076,12.784518
17,30,9076,7.518683
17,30,9076,8.05554
17,30,9076,11.225093
17,30,9076,11.851362
17,30,9076,12.194218
17,30,9076,12.05242
17,30,9076,6.745619
17,30,9076,11.452118
17,30,9076,8.014834
17,30,9076,12.211404
17,30,9076,7.423514
17,30,9076,12.362819
17,30,9076,10.569326
17,30,9076,11.745078
17,30,9076,11.451504
17,30,9076,11.817118
17,30,9076,7.45043
17,30,9076,12.981419
17,30,9076,7.877925
17,30,9076,7.819787
17,30,9076,11.742479
17,30,9076,7.75139
17,30,9076,7.92458
17,30,9076,6.959154
17,30,9076,7.827126
17,30,9076,7.736499
17,30,9076,11.313888
17,30,9076,12.186249
17,30,9076,11.022468
17,30,9076,7.778756
17,30,9076,7.913403
17,30,9076,11.805412
17,30,9076,7.591599
17,30,9076,12.130804
17,30,9076,11.753834
17,30,9076,8.123701
17,30,9076,10.843395
17,30,9076,11.647225
17,30,9076,12.106273
17,30,9076,7.714918
17,30,9076,11.709193
17,30,9076,11.929606
17,30,9076,11.610149
17,30,9076,11.702971
17,30,9076,7.985225
17,30,9076,11.713021
17,30,9076,7.01698
17,30,9076,12.101635
17,30,9076,11.954278
17,30,9076,7.792967
17,30,9076,12.112156
17,30,9076,7.744186
17,30,9076,8.93961
17,30,9076,11.549472
17,30,9076,7.845997
17,30,9076,12.108005
17,30,9076,11.236825
17,30,9076,11.596069
17,30,9076,7.580208
17,30,9076,8.323615
17,30,9076,7.661335
17,30,9076,12.226093
17,30,9076,7.564899
17,30,9076,11.943698
17,30,9076,12.389538
17,30,9076,11.964265
17,30,9076,8.296757
17,30,9076,7.948931
17,30,9076,7.509762
17,30,9076,8.391136
17,30,9076,8.158135
17,30,9076,11.941153
17,30,9076,7.452206
17,30,9076,7.381699
17,30,9076,7.758827
17,30,9076,11.531736
17,30,9076,11.38908
17,30,9076,11.662315
17,30,9076,11.849384
17,30,9076,10.722489
17,30,9076,11.405522
17,30,9076,11.669291
17,30,9076,7.306148
17,30,9076,11.480541
17,30,9076,11.543775
17,30,9076,11.889816
17,30,9076,11.764967
17,30,9076,11.584651
17,30,9076,8.92078
17,30,9076,8.329206
17,30,9076,7.417337
17,30,9076,10.355117
17,30,9076,12.285619
17,30,9076,12.760403
17,30,9076,7.713969
17,30,9076,7.027213
17,30,9076,10.853579
17,30,9076,10.720169
17,30,9076,7.77664
17,30,9076,12.255544
17,30,9076,6.928607
17,30,9076,12.122183
17,30,9076,7.421557
17,30,9076,6.701203
17,30,9076,12.05219
17,30,9076,12.085223
17,30,9076,11.652879
17,30,9076,11.387441
17,30,9076,11.161833
17,30,9076,7.821721
17,30,9076,12.093193
17,30,9076,7.455835
17,30,9076,12.029843
17,30,9076,10.788866
17,30,9076,10.75035
17,30,9076,7.645208
17,30,9076,12.439028
17,30,9076,8.055626
17,30,9076,6.697925
17,30,9076,12.076099
17,30,9076,12.124073
17,30,9076,8.453934
17,30,9076,7.894087
17,30,9076,11.771131
17,30,9076,8.187619
17,30,9076,11.980201
17,30,9076,7.632892
17,30,9076,12.273648
17,30,9076,11.522558
17,30,9076,6.904239
17,30,9076,12.371313
17,30,9076,11.806644
17,30,9076,11.810646
17,30,9076,12.601933
17,30,9076,8.071207
17,30,9076,7.558543
17,30,9076,11.097982
17,30,9076,7.129587
17,30,9076,8.09386
17,30,9076,7.926089
17,30,9076,8.547791
17,30,9076,7.96863
17,30,9076,11.215956
17,30,9076,7.107885
17,30,9076,8.179389
17,30,9076,7.056215
17,30,9076,7.801416
17,30,9076,7.453218
17,30,9076,12.254371
17,30,9076,10.749134
17,30,9076,11.472016
17,30,9076,7.491003
17,30,9076,12.474572
17,30,9076,7.553377
17,30,9076,7.55448
17,30,9076,11.701883
17,30,9076,7.83915
17,30,9076,12.000607
17,30,9076,7.67098
17,30,9076,11.774507
17,30,9076,12.160467
17,30,9076,7.613363
17,30,9076,12.13635
17,30,9076,12.182039
17,30,9076,8.130371
17,30,9076,7.803131
17,30,9076,6.979647
17,30,9076,12.215365
17,30,9076,7.554121
17,30,9076,7.195666
17,30,9076,10.786723
17,30,9076,11.303123
17,30,9076,11.632399
17,30,9076,7.421941
17,30,9076,12.993928
17,30,9076,7.698982
17,30,9076,12.602008
17,30,9076,6.967351
17,30,9076,11.817424
17,30,9076,12.150058
17,30,9076,7.553817
17,30,9076,8.022761
17,30,9076,12.104406
17,30,9076,7.763325
17,30,9076,7.620134
17,30,9076,11.717265
17,30,9076,7.791053
17,30,9076,8.383409
17,30,9076,7.720722
17,30,9076,11.767068
17,30,9076,7.465217
17,30,9076,12.031139
17,30,9076,7.568508
17,30,9076,12.537098
17,30,9076,7.835737
17,30,9076,6.791994
17,30,9076,7.837903
17,30,9076,7.858246
17,30,9076,11.415281
17,30,9076,7.630955
17,30,9076,7.823625
17,30,9076,12.462547
17,30,9076,12.243458
17,30,9076,11.733245
17,30,9076,11.015773
17,30,9076,12.123518
17,30,9076,12.661858
17,30,9076,11.93469
17,30,9076,8.332436
17,30,9076,8.816452
17,30,9076,7.832997
17,30,9076,7.202584
17,30,9076,7.982351
17,30,9076,11.7025
17,30,9076,11.650454
17,30,9076,12.362164
17,30,9076,12.608445
17,30,9076,7.984378
17,30,9076,8.138461
17,30,9076,11.75957
17,30,9076,11.997799
17,30,9076,12.097552
17,30,9076,11.985839
17,30,9076,11.606298
17,30,9076,6.646701
17,30,9076,8.51956
17,30,9076,12.339771
17,30,9076,6.979207
17,30,9076,12.289779
17,30,9076,11.507677
17,30,9076,11.807072
17,30,9076,8.398726
17,30,9076,12.09414
17,30,9076,12.761021
17,30,9076,7.848616
17,30,9076,7.947869
17,30,9076,7.604143
17,30,9076,7.354105
17,30,9076,7.803688
17,30,9076,11.865448
17,30,9076,8.10092
17,30,9076,11.504111
17,30,9076,12.097634
17,30,9076,12.183446
17,30,9076,7.467928
17,30,9076,7.065136
17,30,9076,12.240235
17,30,9076,11.598479
17,30,9076,7.999027
17,30,9076,7.970967
17,30,9076,7.87074
17,30,9076,12.452758
17,30,9076,11.957651
17,30,9076,11.841997
17,30,9076,7.862949
17,30,9076,11.860222
17,30,9076,7.601687
17,30,9076,12.089018
17,30,9076,11.65779
17,30,9076,11.725237
17,30,9076,12.398337
17,30,9076,11.151067
17,30,9076,8.363799
17,30,9076,11.753024
17,30,9076,12.341011
17,30,9076,7.540598
17,30,9076,11.765595
17,30,9076,12.195149
17,30,9076,7.929717
17,30,9076,12.295661
17,30,9076,8.292805
17,30,9076,11.972634
17,30,9076,7.479785
17,30,9076,8.295666
17,30,9076,7.760459
17,30,9076,11.32162
17,30,9076,8.025023
17,30,9076,8.142382
17,30,9076,7.449439
17,30,9076,11.774696
17,30,9076,7.615536
17,30,9076,7.556139
17,30,9076,8.046154
17,30,9076,7.400484
17,30,9076,7.75591
17,30,9076,7.961034
17,30,9076,12.220461
17,30,9076,12.519379
17,30,9076,11.670061
17,30,9076,6.631719
17,30,9076,7.659994
17,30,9076,7.461849
17,30,9076,6.960101
17,30,9076,12.514342
17,30,9076,12.200356
5,30,14095,1.373533
5,30,14095,0.829625
5,30,14095,1.398523
5,30,14095,1.479656
5,30,14095,1.253788
5,30,14095,1.368345
5,30,14095,1.47378
5,30,14095,1.403063
5,30,14095,1.187448
5,30,14095,0.996992
5,30,14095,1.596602
5,30,14095,1.461825
5,30,14095,1.17408
5,30,14095,1.527842
5,30,14095,1.420991
5,30,14095,1.128018
5,30,14095,1.310619
5,30,14095,1.538037
5,30,14095,1.401792
5,30,14095,1.281728
5,30,14095,1.043145
5,30,14095,0.803141
5,30,14095,1.102002
5,30,14095,1.412779
5,30,14095,0.979373
5,30,14095,1.391752
5,30,14095,1.4637
5,30,14095,1.252251
5,30,14095,1.435486
5,30,14095,1.054369
5,30,14095,1.359132
5,30,14095,1.501165
5,30,14095,1.372697
5,30,14095,1.033259
5,30,14095,1.483216
5,30,14095,1.289458
5,30,14095,1.388535
5,30,14095,1.37325
5,30,14095,1.423947
5,30,14095,1.641727
5,30,14095,1.582135
5,30,14095,1.457494
5,30,14095,1.663259
5,30,14095,1.075266
5,30,14095,1.334146
5,30,14095,1.580171
5,30,14095,1.015484
4,30,13923,2.535694
4,30,13923,2.008557
4,30,13923,2.376612
4,30,13923,1.704353
4,30,13923,1.595318
4,30,13923,2.369308
4,30,13923,1.744187
4,30,13923,2.237994
4,30,13923,2.412175
4,30,13923,1.901627
4,30,13923,1.769481
4,30,13923,2.492372
4,30,13923,2.495783
4,30,13923,1.553108
4,30,13923,1.975219
4,30,13923,2.089434
4,30,13923,2.441814
4,30,13923,2.589418
4,30,13923,2.908407
4,30,13923,2.193268
4,30,13923,1.831536
4,30,13923,2.286993
4,30,13923,1.746978
4,30,13923,2.641031
4,30,13923,2.588203
4,30,13923,1.974934
4,30,13923,2.200244
4,30,13923,1.717377
4,30,13923,2.724235
4,30,13923,2.395996
4,30,13923,2.572096
4,30,13923,2.395691
4,30,13923,2.490679
4,30,13923,2.530732
4,30,13923,2.416799
4,30,13923,1.753291
4,30,13923,2.603612
4,30,13923,2.01274
4,30,13923,2.568134
4,30,13923,2.568268
104,30,3673,2.180593
104,30,3673,2.359972
104,30,3673,2.081571
104,30,3673,2.573032
104,30,3673,2.017966
104,30,3673,2.249465
104,30,3673,2.503316
104,30,3673,1.358163
104,30,3673,2.816179
104,30,3673,2.370556
104,30,3673,1.730959
104,30,3673,1.391633
104,30,3673,2.34465
104,30,3673,2.309464
104,30,3673,2.249181
104,30,3673,2.263123
104,30,3673,2.614314
104,30,3673,1.781516
104,30,3673,1.290552
104,30,3673,2.195365
4,30,13923,2.962785
4,30,13923,2.454287
4,30,13923,2.790778
4,30,13923,2.802422
4,30,13923,2.643732
4,30,13923,2.767566
4,30,13923,2.928737
4,30,13923,3.193491
4,30,13923,2.72913
4,30,13923,3.053512
4,30,13923,2.815683
4,30,13923,2.90085
4,30,13923,2.852773
4,30,13923,2.86894
4,30,13923,2.975876
4,30,13923,2.652089
4,30,13923,2.845009
4,30,13923,2.914542
4,30,13923,2.897827
4,30,13923,2.371236
4,30,13923,2.956579
4,30,13923,3.075696
4,30,13923,2.793144
99,30,4407,3.745992
99,30,4407,3.146794
99,30,4407,2.4174
99,30,4407,2.974433
99,30,4407,3.934361
99,30,4407,3.672325
99,30,4407,2.877027
99,30,4407,3.676212
99,30,4407,2.958908
99,30,4407,3.259189
99,30,4407,2.546761
99,30,4407,2.641013
99,30,4407,3.362216
99,30,4407,3.677661
99,30,4407,3.462016
99,30,4407,3.446778
99,30,4407,2.387784
99,30,4407,3.299481
99,30,4407,3.489994
99,30,4407,3.170745
99,30,4407,3.475521
99,30,4407,3.050798
99,30,4407,3.375002
99,30,4407,3.504191
99,30,4407,2.987143
99,30,4407,3.418932
99,30,4407,3.46197
99,30,4407,3.57552
99,30,4407,3.618645
99,30,4407,3.13578
99,30,4407,3.451976
99,30,4407,3.170675
99,30,4407,3.68328
99,30,4407,3.477864
99,30,4407,3.045101
99,30,4407,3.323008
99,30,4407,2.788183
99,30,4407,3.757865
99,30,4407,3.166404
99,30,4407,3.293787
99,30,4407,2.783864
99,30,4407,3.337206
99,30,4407,3.220124
99,30,4407,3.630599
99,30,4407,2.34115
99,30,4407,3.12345
99,30,4407,2.219969
99,30,4407,3.569862
99,30,4407,3.732482
99,30,4407,2.542025
99,30,4407,3.026635
99,30,4407,2.571487
99,30,4407,3.688601
99,30,4407,2.32271
99,30,4407,3.720805
99,30,4407,2.698335
99,30,4407,3.419958
99,30,4407,3.009059
99,30,4407,2.996811
99,30,4407,3.339984
99,30,4407,3.43504
99,30,4407,3.914888
99,30,4407,2.622027
99,30,4407,3.374466
99,30,4407,2.955092
99,30,4407,3.867102
99,30,4407,3.005922
99,30,4407,3.251332
99,30,4407,2.605219
99,30,4407,3.161031
99,30,4407,2.904096
99,30,4407,2.671987
99,30,4407,3.176023
99,30,4407,3.659579
99,30,4407,3.756892
99,30,4407,3.217355
99,30,4407,2.356253
99,30,4407,2.995647
99,30,4407,3.854542
99,30,4407,3.249234
99,30,4407,3.534008
99,30,4407,3.551538
99,30,4407,3.181437
99,30,4407,3.058937
99,30,4407,3.665333
99,30,4407,3.137277
99,30,4407,3.271705
99,30,4407,3.154383
99,30,4407,3.662209
99,30,4407,3.285237
99,30,4407,2.703485
99,30,4407,3.262856
99,30,4407,3.653416
99,30,4407,2.375632
99,30,4407,2.769568
99,30,4407,2.70294
99,30,4407,2.356749
99,30,4407,3.559546
99,30,4407,2.725833
99,30,4407,3.131852
99,30,4407,3.394397
99,30,4407,2.572598
99,30,4407,3.533794
99,30,4407,3.610459
99,30,4407,3.095035
99,30,4407,3.269531
99,30,4407,3.263042
99,30,4407,2.930017
99,30,4407,3.138948
99,30,4407,2.659059
99,30,4407,2.797669
99,30,4407,2.71892
99,30,4407,3.266997
99,30,4407,2.558437
99,30,4407,2.93673
99,30,4407,2.859581
99,30,4407,2.97214
99,30,4407,3.290169
99,30,4407,2.650277
99,30,4407,3.376437
99,30,4407,3.00962
99,30,4407,3.025879
99,30,4407,3.097162
99,30,4407,3.254289
99,30,4407,3.170415
99,30,4407,3.630059
99,30,4407,3.420672
99,30,4407,2.702377
99,30,4407,3.628286
99,30,4407,3.295965
99,30,4407,3.111752
99,30,4407,2.259674
99,30,4407,3.652551
99,30,4407,3.135122
99,30,4407,2.934743
99,30,4407,3.696873
99,30,4407,3.725847
99,30,4407,1.865529
99,30,4407,3.059213
99,30,4407,2.895398
99,30,4407,3.326303
99,30,4407,2.853939
99,30,4407,2.998657
99,30,4407,3.527136
99,30,4407,3.468741
99,30,4407,2.655177
99,30,4407,2.90894
99,30,4407,2.65432
99,30,4407,3.233002
99,30,4407,3.660187
99,30,4407,3.630676
99,30,4407,3.375452
99,30,4407,3.180399
99,30,4407,2.640347
99,30,4407,3.655319
99,30,4407,2.880031
99,30,4407,3.819538
99,30,4407,2.990296
99,30,4407,2.849882
99,30,4407,2.980824
99,30,4407,2.637174
99,30,4407,2.921242
99,30,4407,2.874389
99,30,4407,3.294442
99,30,4407,2.506279
99,30,4407,2.339789
99,30,4407,3.659344
99,30,4407,3.603504
99,30,4407,3.896569
99,30,4407,3.04164
99,30,4407,3.168969
99,30,4407,2.825882
99,30,4407,2.905548
99,30,4407,2.981489
99,30,4407,2.923646
99,30,4407,2.230213
99,30,4407,2.953061
99,30,4407,2.555855
99,30,4407,2.108144
99,30,4407,3.692594
99,30,4407,3.762146
99,30,4407,3.273154
99,30,4407,3.388375
99,30,4407,2.942289
99,30,4407,3.805083
99,30,4407,3.282925
99,30,4407,2.579357
99,30,4407,3.045528
99,30,4407,3.171433
99,30,4407,2.63876
99,30,4407,3.04057
99,30,4407,4.101749
99,30,4407,3.220687
99,30,4407,3.476392
99,30,4407,2.559649
99,30,4407,2.133352
99,30,4407,3.338066
99,30,4407,3.145708
99,30,4407,3.173103
99,30,4407,3.398933
99,30,4407,3.107142
99,30,4407,3.029882
99,30,4407,3.325032
99,30,4407,2.858104
99,30,4407,3.374921
99,30,4407,3.611404
99,30,4407,2.577612
99,30,4407,2.738675
99,30,4407,3.236381
99,30,4407,3.544868
99,30,4407,2.573989
99,30,4407,2.434442
99,30,4407,2.571152
99,30,4407,2.622105
99,30,4407,2.030639
99,30,4407,3.463365
99,30,4407,3.825279
99,30,4407,3.398285
99,30,4407,3.635762
99,30,4407,3.503844
99,30,4407,3.619383
99,30,4407,1.976847
99,30,4407,3.187943
99,30,4407,3.202293
99,30,4407,3.235109
99,30,4407,3.346301
99,30,4407,3.541619
99,30,4407,3.495688
99,30,4407,3.074186
99,30,4407,3.690731
99,30,4407,3.026977
99,30,4407,2.78835
99,30,4407,2.304493
99,30,4407,3.403142
99,30,4407,3.416051
99,30,4407,2.519775
99,30,4407,2.998816
99,30,4407,3.66225
99,30,4407,2.554053
99,30,4407,2.331581
99,30,4407,2.888232
99,30,4407,3.36812
99,30,4407,2.476293
99,30,4407,3.3693
99,30,4407,2.648486
99,30,4407,3.451802
99,30,4407,3.39388
99,30,4407,3.013432
99,30,4407,3.563039
99,30,4407,3.126344
99,30,4407,1.887104
99,30,4407,2.536287
99,30,4407,2.678559
99,30,4407,3.392223
99,30,4407,2.967158
99,30,4407,3.769289
99,30,4407,3.096406
99,30,4407,2.507299
99,30,4407,3.150918
99,30,4407,3.789148
99,30,4407,3.014968
99,30,4407,3.472053
99,30,4407,3.533732
99,30,4407,3.116362
99,30,4407,3.228248
99,30,4407,3.612211
99,30,4407,3.039512
99,30,4407,3.11986
99,30,4407,2.270348
99,30,4407,2.993423
99,30,4407,3.69161
99,30,4407,3.43755
99,30,4407,2.504556
99,30,4407,2.876231
99,30,4407,2.450729
99,30,4407,3.821548
99,30,4407,3.550687
99,30,4407,3.57164
99,30,4407,3.545851
99,30,4407,3.704009
99,30,4407,3.101454
99,30,4407,2.323879
99,30,4407,2.184926
99,30,4407,3.538227
99,30,4407,3.660454
99,30,4407,2.454381
99,30,4407,3.337679
99,30,4407,3.831284
99,30,4407,3.376563
99,30,4407,3.131398
99,30,4407,2.752002
99,30,4407,3.112771
99,30,4407,2.558913
99,30,4407,2.877579
99,30,4407,3.179305
99,30,4407,2.929538
99,30,4407,2.752133
99,30,4407,2.698968
99,30,4407,3.217129
99,30,4407,3.189971
99,30,4407,2.746686
99,30,4407,2.390424
99,30,4407,2.60911
99,30,4407,3.802662
99,30,4407,3.25643
99,30,4407,3.604301
99,30,4407,3.36568
99,30,4407,3.008205
99,30,4407,2.7931
99,30,4407,3.426647
99,30,4407,3.481793
99,30,4407,3.128704
99,30,4407,3.601809
99,30,4407,3.446318
99,30,4407,3.582447
99,30,4407,3.009528
99,30,4407,3.123058
99,30,4407,2.212594
99,30,4407,3.605197
99,30,4407,3.151435
99,30,4407,3.474325
99,30,4407,3.425859
99,30,4407,3.063239
99,30,4407,2.990669
99,30,4407,3.593077
99,30,4407,2.559238
99,30,4407,3.00708
99,30,4407,3.337194
99,30,4407,2.582403
99,30,4407,3.020522
99,30,4407,3.159332
99,30,4407,3.042988
99,30,4407,3.403307
99,30,4407,3.234002
99,30,4407,2.798205
99,30,4407,3.271757
99,30,4407,3.218191
99,30,4407,2.256398
99,30,4407,3.523027
99,30,4407,2.800513
99,30,4407,3.686637
99,30,4407,3.091893
99,30,4407,3.657894
99,30,4407,3.445318
99,30,4407,2.665986
99,30,4407,3.486936
99,30,4407,3.478325
99,30,4407,2.76594
99,30,4407,2.378439
99,30,4407,3.672396
99,30,4407,2.755472
99,30,4407,2.458913
99,30,4407,3.671549
99,30,4407,3.180473
99,30,4407,2.751124
99,30,4407,3.03746
99,30,4407,2.984481
99,30,4407,3.22748
99,30,4407,3.234415
99,30,4407,3.713767
99,30,4407,3.34812
99,30,4407,3.790767
99,30,4407,3.488838
99,30,4407,3.023371
99,30,4407,3.432696
99,30,4407,4.133688
99,30,4407,3.725271
99,30,4407,3.746178
99,30,4407,2.657249
99,30,4407,3.427139
99,30,4407,3.263833
99,30,4407,3.027434
99,30,4407,2.746982
99,30,4407,3.874723
99,30,4407,3.412015
99,30,4407,3.522647
99,30,4407,2.873658
99,30,4407,3.164717
99,30,4407,3.13721
99,30,4407,3.808765
99,30,4407,2.70385
99,30,4407,3.278657
99,30,4407,3.65253
99,30,4407,2.865018
99,30,4407,3.19275
99,30,4407,3.291754
99,30,4407,3.703796
99,30,4407,3.844725
99,30,4407,2.509763
99,30,4407,3.508026
99,30,4407,3.361276
99,30,4407,2.677395
99,30,4407,3.344915
99,30,4407,3.238851
99,30,4407,3.49433
99,30,4407,3.333799
99,30,4407,3.263126
99,30,4407,2.737922
99,30,4407,3.728548
99,30,4407,3.546017
99,30,4407,2.43484
99,30,4407,2.932274
99,30,4407,2.98469
99,30,4407,2.641901
99,30,4407,3.271551
99,30,4407,3.809381
99,30,4407,3.881954
99,30,4407,3.632316
99,30,4407,3.090327
99,30,4407,2.971901
99,30,4407,2.647679
99,30,4407,3.003392
99,30,4407,2.088437
99,30,4407,3.186751
99,30,4407,3.344594
99,30,4407,3.533336
99,30,4407,3.169122
99,30,4407,3.216797
99,30,4407,2.908363
99,30,4407,2.996101
99,30,4407,3.144468
99,30,4407,2.844147
99,30,4407,3.78834
99,30,4407,3.168418
99,30,4407,3.3958
99,30,4407,3.571023
99,30,4407,3.480128
99,30,4407,3.290114
99,30,4407,2.664791
99,30,4407,2.874741
99,30,4407,2.988954
99,30,4407,3.589244
99,30,4407,3.791316
99,30,4407,2.838584
99,30,4407,2.16216
99,30,4407,3.792763
99,30,4407,2.91247
99,30,4407,2.808531
99,30,4407,3.394424
99,30,4407,3.561977
99,30,4407,2.303804
99,30,4407,3.163917
99,30,4407,2.40023
99,30,4407,2.97125
99,30,4407,3.512598
99,30,4407,3.555488
99,30,4407,2.867
99,30,4407,4.082259
99,30,4407,3.536305
99,30,4407,3.334837
99,30,4407,3.048156
99,30,4407,2.712138
99,30,4407,3.135007
99,30,4407,3.300643
99,30,4407,2.953957
99,30,4407,3.577686
99,30,4407,3.106703
99,30,4407,3.023757
99,30,4407,3.054295
99,30,4407,3.415092
99,30,4407,3.067708
99,30,4407,3.447693
99,30,4407,3.490915
99,30,4407,2.947924
99,30,4407,2.631831
99,30,4407,3.037186
99,30,4407,3.04351
99,30,4407,2.6067
99,30,4407,2.817681
99,30,4407,3.086756
99,30,4407,2.936679
99,30,4407,4.124428
99,30,4407,3.764699
99,30,4407,2.866736
99,30,4407,2.228682
99,30,4407,3.068924
99,30,4407,3.914354
99,30,4407,3.486991
99,30,4407,3.453906
99,30,4407,3.856928
99,30,4407,3.646061
99,30,4407,2.670949
99,30,4407,3.214425
99,30,4407,2.808282
99,30,4407,2.744223
99,30,4407,3.2655
99,30,4407,2.097717
99,30,4407,3.387479
99,30,4407,2.479959
99,30,4407,3.184736
99,30,4407,3.79163
99,30,4407,3.460496
99,30,4407,3.42132
99,30,4407,2.542631
99,30,4407,3.626498
99,30,4407,3.200365
99,30,4407,3.311542
99,30,4407,2.626191
99,30,4407,3.229208
99,30,4407,3.275738
99,30,4407,3.411249
99,30,4407,3.168208
99,30,4407,3.423746
99,30,4407,2.790569
99,30,4407,2.918396
99,30,4407,3.286939
99,30,4407,3.458497
99,30,4407,2.5091
99,30,4407,2.018626
99,30,4407,3.431738
99,30,4407,2.830819
99,30,4407,2.536801
99,30,4407,2.731615
99,30,4407,2.045848
99,30,4407,2.98074
96,30,13436,0.46719
96,30,13436,0.524742
96,30,13436,0.891789
96,30,13436,0.538324
96,30,13436,0.523958
62,30,8266,10.13032
62,30,8266,10.930373
62,30,8266,9.644044
63,30,13833,3.063973
63,30,13833,3.030235
63,30,13833,3.055127
63,30,13833,3.330036
63,30,13833,3.080197
63,30,13833,2.955089
63,30,13833,2.909653
63,30,13833,3.150547
63,30,13833,2.668712
63,30,13833,2.987374
63,30,13833,2.58157
63,30,13833,3.042294
63,30,13833,2.98117
63,30,13833,2.954851
63,30,13833,3.188585
63,30,13833,2.573204
63,30,13833,3.291002
63,30,13833,3.255159
63,30,13833,3.380941
63,30,13833,3.131179
63,30,13833,3.20032
63,30,13833,2.400591
63,30,13833,3.06853
63,30,13833,3.056312
63,30,13833,3.047517
63,30,13833,2.909252
63,30,13833,2.659467
63,30,13833,3.257465
63,30,13833,2.94729
63,30,13833,2.993544
63,30,13833,3.012304
63,30,13833,3.256765
63,30,13833,2.447709
63,30,13833,3.528969
63,30,13833,3.319851
63,30,13833,2.968708
63,30,13833,3.259739
63,30,13833,3.08668
63,30,13833,3.240274
63,30,13833,3.337999
63,30,13833,3.334692
63,30,13833,3.352048
63,30,13833,3.221867
63,30,13833,3.303483
63,30,13833,3.137755
63,30,13833,3.128436
63,30,13833,2.909895
63,30,13833,3.227749
63,30,13833,3.257187
63,30,13833,2.882827
63,30,13833,3.243892
63,30,13833,2.813257
63,30,13833,3.289281
63,30,13833,2.930996
63,30,13833,3.458837
63,30,13833,2.757741
63,30,13833,3.148785
63,30,13833,3.114567
63,30,13833,2.734825
63,30,13833,3.130144
63,30,13833,3.237522
63,30,13833,3.068529
63,30,13833,2.933176
63,30,13833,3.366257
63,30,13833,2.739338
63,30,13833,3.392448
63,30,13833,2.734474
63,30,13833,2.83725
63,30,13833,3.161701
63,30,13833,3.228514
63,30,13833,3.35211
63,30,13833,3.108659
63,30,13833,2.655777
63,30,13833,3.250295
63,30,13833,3.452139
63,30,13833,2.989859
63,30,13833,3.138058
63,30,13833,3.193134
63,30,13833,2.88555
63,30,13833,2.732026
63,30,13833,2.925685
63,30,13833,3.005813
63,30,13833,3.170673
63,30,13833,2.952414
63,30,13833,2.95621
63,30,13833,3.041496
63,30,13833,3.330124
63,30,13833,3.059653
63,30,13833,2.556358
63,30,13833,3.209239
63,30,13833,2.624384
63,30,13833,3.145738
63,30,13833,3.289716
63,30,13833,3.036836
63,30,13833,3.209191
63,30,13833,2.418848
63,30,13833,3.18551
63,30,13833,3.391511
63,30,13833,3.286556
63,30,13833,3.166881
63,30,13833,3.226701
63,30,13833,3.015869
63,30,13833,3.050447
63,30,13833,3.491513
63,30,13833,3.366858
63,30,13833,3.203327
63,30,13833,3.312776
63,30,13833,3.118699
63,30,13833,3.24531
63,30,13833,3.1937
63,30,13833,3.041758
63,30,13833,2.46227
63,30,13833,3.196918
63,30,13833,2.608504
63,30,13833,3.421394
63,30,13833,3.218353
63,30,13833,3.355251
63,30,13833,3.116276
63,30,13833,3.289911
63,30,13833,3.191405
63,30,13833,3.291503
63,30,13833,2.485256
63,30,13833,2.796096
63,30,13833,3.238435
63,30,13833,2.988362
63,30,13833,2.530037
63,30,13833,3.295206
63,30,13833,2.872164
63,30,13833,3.016127
63,30,13833,2.741603
63,30,13833,3.134083
63,30,13833,3.242635
63,30,13833,3.302897
63,30,13833,2.612058
63,30,13833,2.440828
63,30,13833,3.147746
63,30,13833,3.050355
63,30,13833,3.50534
63,30,13833,3.143732
63,30,13833,3.074035
63,30,13833,3.225502
63,30,13833,2.861155
63,30,13833,3.112213
63,30,13833,3.272358
63,30,13833,2.479321
63,30,13833,3.301996
63,30,13833,3.077657
63,30,13833,3.230845
68,30,11239,13.201428
68,30,11239,11.723151
68,30,11239,13.068357
68,30,11239,12.865368
68,30,11239,12.482215
68,30,11239,12.97638
68,30,11239,12.470014
68,30,11239,12.685873
68,30,11239,11.774443
68,30,11239,12.676064
68,30,11239,11.103433
68,30,11239,12.796491
68,30,11239,14.311036
68,30,11239,12.77052
68,30,11239,12.867165
68,30,11239,13.963636
68,30,11239,14.075678
68,30,11239,9.13591
68,30,11239,12.372963
68,30,11239,12.962948
68,30,11239,13.535077
68,30,11239,8.732128
68,30,11239,11.914941
68,30,11239,12.72175
68,30,11239,12.324
68,30,11239,13.406657
68,30,11239,13.332798
68,30,11239,13.938486
68,30,11239,13.952689
68,30,11239,11.761628
68,30,11239,13.216758
68,30,11239,12.139816
68,30,11239,12.91712
68,30,11239,13.545658
68,30,11239,13.603367
68,30,11239,13.446175
68,30,11239,11.797036
68,30,11239,12.456327
68,30,11239,12.997737
68,30,11239,11.061247
68,30,11239,12.530833
68,30,11239,12.810961
68,30,11239,12.781066
68,30,11239,12.773104
68,30,11239,14.223193
68,30,11239,12.760223
68,30,11239,13.357394
68,30,11239,13.334448
68,30,11239,13.394282
68,30,11239,11.54188
68,30,11239,13.490981
68,30,11239,13.274974
68,30,11239,12.755638
68,30,11239,14.114259
68,30,11239,13.75608
68,30,11239,12.723169
68,30,11239,12.46584
68,30,11239,8.644972
68,30,11239,11.76965
68,30,11239,12.771803
68,30,11239,12.649282
68,30,11239,12.257071
68,30,11239,13.835965
68,30,11239,9.95758
68,30,11239,12.722851
68,30,11239,13.159902
68,30,11239,12.739044
68,30,11239,13.56152
68,30,11239,14.083525
68,30,11239,13.705052
68,30,11239,13.909901
68,30,11239,13.308737
68,30,11239,12.929103
68,30,11239,14.067978
68,30,11239,13.785409
68,30,11239,13.074488
68,30,11239,13.217543
68,30,11239,13.936621
68,30,11239,11.870447
68,30,11239,12.219472
68,30,11239,12.444294
68,30,11239,12.727706
68,30,11239,12.829284
68,30,11239,11.505552
68,30,11239,12.376586
68,30,11239,11.798549
68,30,11239,12.943298
68,30,11239,12.527463
68,30,11239,12.397689
68,30,11239,14.146285
68,30,11239,12.699633
68,30,11239,12.793102
68,30,11239,12.716459
68,30,11239,13.873743
68,30,11239,13.772731
68,30,11239,13.089286
68,30,11239,11.667703
68,30,11239,12.295327
68,30,11239,11.536693
68,30,11239,12.697058
68,30,11239,11.281355
68,30,11239,12.820459
68,30,11239,9.618123
68,30,11239,12.24945
68,30,11239,12.448272
68,30,11239,11.690833
68,30,11239,12.864491
68,30,11239,12.841083
68,30,11239,12.359842
68,30,11239,14.031709
68,30,11239,11.642721
68,30,11239,12.900547
68,30,11239,11.871951
68,30,11239,13.881244
68,30,11239,12.589838
68,30,11239,14.273529
68,30,11239,12.560576
68,30,11239,13.551322
68,30,11239,12.859725
68,30,11239,10.898657
68,30,11239,12.005769
68,30,11239,13.914874
68,30,11239,12.13516
68,30,11239,12.385198
68,30,11239,12.935678
68,30,11239,11.855643
68,30,11239,11.324089
68,30,11239,12.284754
68,30,11239,13.153989
68,30,11239,12.893117
68,30,11239,12.852656
68,30,11239,9.781392
68,30,11239,13.76726
68,30,11239,14.158629
68,30,11239,13.91873
68,30,11239,12.202851
68,30,11239,13.840179
68,30,11239,13.130199
99,30,4407,3.247651
99,30,4407,2.72568
99,30,4407,2.710365
99,30,4407,3.501339
99,30,4407,3.064601
99,30,4407,2.460615
99,30,4407,3.177291
99,30,4407,2.810456
99,30,4407,2.636635
99,30,4407,3.165166
99,30,4407,3.12181
99,30,4407,3.223938
99,30,4407,3.313995
99,30,4407,2.537791
99,30,4407,2.172301
99,30,4407,3.050239
99,30,4407,3.116171
99,30,4407,3.148161
99,30,4407,3.746608
99,30,4407,2.886274
99,30,4407,3.050834
99,30,4407,3.03391
99,30,4407,3.181975
99,30,4407,3.263723
99,30,4407,2.96099
99,30,4407,3.117188
99,30,4407,3.083815
99,30,4407,3.309125
99,30,4407,2.977849
99,30,4407,3.25872
99,30,4407,2.166817
99,30,4407,3.059582
99,30,4407,3.464408
99,30,4407,2.839288
99,30,4407,2.911393
99,30,4407,2.652133
99,30,4407,3.300844
99,30,4407,3.435407
99,30,4407,2.762461
99,30,4407,3.241036
99,30,4407,3.134125
99,30,4407,2.959095
99,30,4407,3.199485
99,30,4407,2.793659
99,30,4407,2.881379
99,30,4407,2.833287
99,30,4407,3.584511
99,30,4407,2.941577
99,30,4407,3.305975
99,30,4407,3.531535
99,30,4407,3.574861
99,30,4407,2.610203
99,30,4407,3.039854
99,30,4407,3.29349
99,30,4407,3.043792
99,30,4407,3.435032
99,30,4407,3.073091
99,30,4407,3.072694
99,30,4407,3.648331
99,30,4407,3.50685
99,30,4407,2.810567
99,30,4407,2.772664
99,30,4407,2.80271
99,30,4407,2.649603
99,30,4407,2.683858
99,30,4407,2.81815
99,30,4407,3.015903
99,30,4407,3.680785
99,30,4407,3.417451
99,30,4407,2.909395
99,30,4407,2.653821
99,30,4407,3.492493
99,30,4407,3.24279
99,30,4407,3.133653
99,30,4407,3.165047
99,30,4407,3.592216
99,30,4407,3.195188
99,30,4407,3.218556
99,30,4407,3.29576
99,30,4407,3.402383
99,30,4407,3.091689
99,30,4407,3.442279
99,30,4407,2.452782
99,30,4407,3.202265
99,30,4407,3.327719
99,30,4407,3.061141
99,30,4407,3.198906
99,30,4407,3.541993
99,30,4407,2.921113
99,30,4407,2.667843
99,30,4407,3.020675
99,30,4407,3.182244
99,30,4407,3.416394
99,30,4407,3.466452
99,30,4407,3.263233
99,30,4407,2.564175
99,30,4407,3.465777
99,30,4407,2.093261
99,30,4407,2.688045
99,30,4407,2.662975
99,30,4407,3.278996
99,30,4407,3.365331
99,30,4407,3.308204
99,30,4407,2.895481
99,30,4407,2.540759
99,30,4407,3.103864
99,30,4407,3.474001
99,30,4407,3.386794
99,30,4407,3.365578
99,30,4407,2.702921
99,30,4407,3.274444
99,30,4407,3.211203
99,30,4407,2.614659
99,30,4407,3.031144
99,30,4407,2.27136
99,30,4407,3.500313
99,30,4407,3.184872
99,30,4407,3.288257
99,30,4407,2.711966
99,30,4407,2.699053
99,30,4407,3.476732
99,30,4407,3.265016
99,30,4407,2.81466
99,30,4407,3.497296
99,30,4407,3.212549
99,30,4407,2.961641
99,30,4407,2.610558
99,30,4407,3.145022
99,30,4407,2.371738
99,30,4407,3.211756
99,30,4407,3.343365
99,30,4407,3.51821
99,30,4407,3.42099
99,30,4407,3.615175
99,30,4407,3.234524
99,30,4407,3.55823
99,30,4407,3.809861
99,30,4407,3.273912
99,30,4407,3.246473
99,30,4407,2.823329
99,30,4407,3.650939
99,30,4407,3.44274
99,30,4407,3.321122
99,30,4407,3.381248
99,30,4407,3.491544
99,30,4407,2.717098
99,30,4407,2.162987
99,30,4407,2.506098
99,30,4407,2.58208
99,30,4407,2.575108
99,30,4407,3.416371
99,30,4407,3.217873
99,30,4407,3.181814
99,30,4407,3.531894
99,30,4407,3.383994
99,30,4407,3.405558
99,30,4407,3.518588
99,30,4407,3.029058
99,30,4407,2.801931
99,30,4407,3.278946
99,30,4407,3.412614
99,30,4407,3.223185
99,30,4407,3.410383
99,30,4407,3.281405
99,30,4407,3.350767
99,30,4407,3.457382
99,30,4407,3.804348
99,30,4407,2.711732
99,30,4407,3.321508
99,30,4407,3.303384
99,30,4407,3.555505
99,30,4407,3.451992
99,30,4407,2.655152
99,30,4407,3.536967
99,30,4407,3.098351
99,30,4407,3.220023
99,30,4407,3.061669
99,30,4407,3.538852
99,30,4407,3.25632
99,30,4407,3.71182
99,30,4407,3.191424
99,30,4407,3.009824
99,30,4407,3.285766
99,30,4407,2.598694
99,30,4407,3.092528
99,30,4407,3.416723
99,30,4407,2.037605
99,30,4407,3.2852
99,30,4407,2.923607
99,30,4407,3.22063
99,30,4407,2.767479
99,30,4407,3.325905
99,30,4407,3.986513
99,30,4407,3.094226
99,30,4407,3.400655
99,30,4407,2.76649
99,30,4407,3.322491
99,30,4407,3.348583
99,30,4407,3.250246
99,30,4407,3.055902
99,30,4407,3.062606
99,30,4407,3.650621
99,30,4407,3.521294
99,30,4407,3.364835
99,30,4407,3.153708
99,30,4407,2.611585
99,30,4407,3.451164
99,30,4407,3.271506
99,30,4407,3.489313
99,30,4407,2.807089
99,30,4407,3.170173
99,30,4407,2.821357
99,30,4407,2.856963
99,30,4407,3.634482
99,30,4407,3.139279
99,30,4407,3.321322
99,30,4407,3.173441
99,30,4407,3.608451
99,30,4407,2.89773
99,30,4407,2.817405
99,30,4407,2.876815
99,30,4407,2.600989
99,30,4407,3.101162
99,30,4407,2.506656
99,30,4407,3.180132
99,30,4407,2.966074
99,30,4407,3.165674
99,30,4407,3.146889
99,30,4407,2.80298
99,30,4407,3.019615
99,30,4407,3.031909
99,30,4407,2.523996
99,30,4407,3.032795
99,30,4407,3.128131
99,30,4407,3.074575
99,30,4407,2.948388
99,30,4407,3.060706
99,30,4407,3.205459
99,30,4407,3.239439
99,30,4407,2.450654
99,30,4407,3.021606
99,30,4407,3.344163
99,30,4407,2.308673
99,30,4407,2.762378
99,30,4407,3.439314
99,30,4407,3.443919
99,30,4407,3.433502
99,30,4407,2.790425
99,30,4407,3.250789
99,30,4407,3.323929
99,30,4407,2.967498
99,30,4407,2.047707
99,30,4407,2.751656
99,30,4407,3.435819
99,30,4407,3.208474
99,30,4407,3.679519
99,30,4407,3.471216
99,30,4407,3.149608
99,30,4407,3.092964
99,30,4407,2.488621
99,30,4407,3.194142
99,30,4407,3.343583
99,30,4407,2.211801
99,30,4407,2.724858
99,30,4407,3.389215
99,30,4407,3.32236
99,30,4407,2.349852
99,30,4407,2.872571
99,30,4407,2.76001
99,30,4407,3.028295
99,30,4407,3.641237
99,30,4407,3.374064
99,30,4407,3.194024
99,30,4407,2.864112
99,30,4407,2.793575
99,30,4407,3.212302
99,30,4407,3.091428
99,30,4407,3.420537
99,30,4407,3.513623
99,30,4407,2.678725
99,30,4407,2.775104
99,30,4407,3.103602
99,30,4407,3.196634
99,30,4407,3.314339
99,30,4407,3.51394
99,30,4407,2.85072
99,30,4407,3.292128
99,30,4407,3.301209
99,30,4407,3.46169
99,30,4407,3.269509
99,30,4407,3.631236
99,30,4407,3.176584
99,30,4407,3.489928
99,30,4407,3.415194
99,30,4407,3.764789
99,30,4407,3.266105
99,30,4407,3.665758
99,30,4407,2.855213
99,30,4407,2.705844
99,30,4407,3.310389
99,30,4407,3.019651
99,30,4407,3.560604
99,30,4407,3.284479
99,30,4407,3.280275
99,30,4407,3.298874
99,30,4407,3.094143
99,30,4407,2.89157
99,30,4407,3.112874
99,30,4407,3.475141
99,30,4407,3.20398
99,30,4407,3.296737
99,30,4407,3.001947
99,30,4407,3.051424
99,30,4407,2.703102
99,30,4407,2.819648
99,30,4407,3.444768
99,30,4407,3.369117
99,30,4407,3.008181
99,30,4407,3.391158
99,30,4407,3.23986
99,30,4407,2.571169
99,30,4407,3.437552
99,30,4407,3.277501
99,30,4407,2.925065
99,30,4407,3.144466
99,30,4407,3.689159
99,30,4407,3.492102
99,30,4407,3.207273
99,30,4407,3.007894
99,30,4407,3.117328
99,30,4407,3.431473
99,30,4407,3.502196
99,30,4407,2.874323
99,30,4407,3.448486
99,30,4407,3.087875
99,30,4407,2.105145
99,30,4407,3.522777
99,30,4407,3.425752
99,30,4407,3.41936
99,30,4407,3.44978
99,30,4407,3.060519
99,30,4407,3.423266
99,30,4407,3.201328
99,30,4407,3.33627
99,30,4407,3.527503
99,30,4407,2.977238
99,30,4407,3.727112
99,30,4407,3.063723
99,30,4407,2.351717
99,30,4407,3.168877
99,30,4407,3.128874
99,30,4407,3.916412
99,30,4407,3.235703
99,30,4407,3.169743
99,30,4407,2.989154
99,30,4407,2.903785
99,30,4407,2.796722
99,30,4407,3.213546
99,30,4407,3.543371
99,30,4407,3.490725
99,30,4407,3.635105
99,30,4407,3.242737
99,30,4407,2.991076
99,30,4407,3.034693
99,30,4407,3.202151
99,30,4407,2.817865
99,30,4407,3.49537
99,30,4407,2.456021
99,30,4407,2.931471
99,30,4407,3.519668
99,30,4407,3.730816
99,30,4407,2.518596
99,30,4407,3.60835
99,30,4407,3.56331
99,30,4407,3.103386
99,30,4407,2.758647
99,30,4407,3.58271
99,30,4407,3.215207
99,30,4407,3.183064
99,30,4407,3.905749
99,30,4407,3.533911
99,30,4407,3.146589
99,30,4407,3.544866
99,30,4407,3.288472
99,30,4407,3.455276
99,30,4407,3.059308
99,30,4407,2.72305
99,30,4407,2.808657
99,30,4407,3.25086
99,30,4407,2.634902
99,30,4407,2.886776
99,30,4407,3.01328
99,30,4407,2.689544
99,30,4407,3.388359
99,30,4407,2.617527
99,30,4407,2.825782
99,30,4407,3.147225
99,30,4407,3.433918
99,30,4407,3.404879
99,30,4407,3.261972
99,30,4407,3.741994
99,30,4407,2.892012
99,30,4407,2.839999
99,30,4407,3.464844
99,30,4407,2.892073
99,30,4407,3.352203
99,30,4407,3.472543
99,30,4407,3.813964
99,30,4407,3.522705
99,30,4407,3.278663
99,30,4407,3.253102
99,30,4407,3.453187
99,30,4407,3.326338
99,30,4407,3.378421
99,30,4407,3.333145
99,30,4407,2.969789
99,30,4407,3.474554
99,30,4407,3.362417
99,30,4407,2.885061
99,30,4407,3.644359
99,30,4407,3.477404
99,30,4407,3.324229
99,30,4407,3.921325
99,30,4407,3.491194
99,30,4407,3.094077
99,30,4407,3.118877
99,30,4407,3.114794
99,30,4407,3.354585
99,30,4407,3.11814
99,30,4407,2.9761
99,30,4407,3.298863
99,30,4407,3.198561
99,30,4407,3.400327
99,30,4407,3.393919
99,30,4407,3.36817
99,30,4407,3.261178
99,30,4407,3.319308
99,30,4407,3.414807
99,30,4407,3.29278
99,30,4407,3.382165
99,30,4407,3.302923
99,30,4407,3.339879
99,30,4407,2.877502
99,30,4407,3.291529
99,30,4407,2.934057
99,30,4407,2.815434
99,30,4407,3.283528
99,30,4407,2.561062
99,30,4407,3.000104
99,30,4407,2.216965
99,30,4407,3.883016
99,30,4407,3.493709
99,30,4407,3.393542
99,30,4407,3.275051
99,30,4407,2.818268
99,30,4407,3.32147
99,30,4407,2.715967
99,30,4407,3.130528
99,30,4407,3.463345
99,30,4407,3.287531
99,30,4407,2.858764
99,30,4407,3.008667
99,30,4407,3.284625
99,30,4407,3.26879
99,30,4407,3.335246
99,30,4407,3.112425
99,30,4407,3.344519
99,30,4407,3.018286
99,30,4407,3.069946
99,30,4407,3.299079
99,30,4407,3.620851
99,30,4407,3.52224
99,30,4407,3.573066
99,30,4407,3.353639
99,30,4407,3.06937
99,30,4407,3.465461
99,30,4407,3.116025
99,30,4407,2.742666
99,30,4407,3.177243
99,30,4407,2.917812
99,30,4407,3.256854
99,30,4407,3.434221
99,30,4407,3.268817
99,30,4407,3.18669
99,30,4407,2.914913
99,30,4407,2.937011
99,30,4407,3.210288
99,30,4407,3.60796
99,30,4407,3.012688
99,30,4407,3.211907
99,30,4407,3.37692
99,30,4407,3.475874
99,30,4407,3.323575
99,30,4407,3.344812
99,30,4407,2.487603
99,30,4407,2.862942
99,30,4407,3.332458
99,30,4407,2.498183
99,30,4407,2.014801
99,30,4407,2.782773
99,30,4407,3.264948
99,30,4407,3.384393
99,30,4407,2.558258
99,30,4407,2.920639
99,30,4407,2.598553
99,30,4407,2.612698
99,30,4407,3.489811
99,30,4407,3.549
99,30,4407,3.574304
99,30,4407,3.432104
99,30,4407,3.282753
99,30,4407,3.257354
99,30,4407,2.976563
99,30,4407,3.204006
99,30,4407,2.856038
99,30,4407,3.42277
99,30,4407,3.236244
99,30,4407,3.299754
99,30,4407,3.479152
99,30,4407,3.182707
99,30,4407,3.330046
99,30,4407,3.457449
99,30,4407,2.340766
99,30,4407,3.040921
99,30,4407,2.742338
99,30,4407,2.890866
99,30,4407,2.975525
99,30,4407,3.149817
99,30,4407,2.451
99,30,4407,2.904439
99,30,4407,3.025891
99,30,4407,3.649506
99,30,4407,2.998723
99,30,4407,3.258503
99,30,4407,3.305293
99,30,4407,3.240051
99,30,4407,3.535138
99,30,4407,2.984593
99,30,4407,2.829855
99,30,4407,3.046584
99,30,4407,2.584738
99,30,4407,2.965657
99,30,4407,3.221212
99,30,4407,2.997703
99,30,4407,2.629678
99,30,4407,2.764952
99,30,4407,2.261195
99,30,4407,3.085152
99,30,4407,3.090353
99,30,4407,2.972182
99,30,4407,3.171431
99,30,4407,2.633529
99,30,4407,3.115681
99,30,4407,2.286415
99,30,4407,3.15244
99,30,4407,3.477028
99,30,4407,3.127016
99,30,4407,3.4088
99,30,4407,3.780122
99,30,4407,2.689227
99,30,4407,3.710446
99,30,4407,2.095223
99,30,4407,3.403775
99,30,4407,3.507834
99,30,4407,3.198205
99,30,4407,3.023779
99,30,4407,3.31004
99,30,4407,2.623486
99,30,4407,3.201295
99,30,4407,3.132811
99,30,4407,3.459996
99,30,4407,3.272703
99,30,4407,3.650774
99,30,4407,3.257829
99,30,4407,2.797512
99,30,4407,3.552638
99,30,4407,3.343362
99,30,4407,3.474213
99,30,4407,2.77423
99,30,4407,2.290303
99,30,4407,2.908406
99,30,4407,2.998479
99,30,4407,2.523794
99,30,4407,3.373186
99,30,4407,2.862336
99,30,4407,3.380511
99,30,4407,3.313265
99,30,4407,3.5342
99,30,4407,3.888451
99,30,4407,3.321225
99,30,4407,2.844446
99,30,4407,2.975571
99,30,4407,3.343223
99,30,4407,3.781791
99,30,4407,3.485496
99,30,4407,2.70191
99,30,4407,3.830614
99,30,4407,2.813774
99,30,4407,2.973226
99,30,4407,3.365912
99,30,4407,2.38125
99,30,4407,1.990406
99,30,4407,3.816728
99,30,4407,3.558549
99,30,4407,2.882381
99,30,4407,2.511201
99,30,4407,3.57072
99,30,4407,3.19457
99,30,4407,2.952309
99,30,4407,3.490154
99,30,4407,3.557264
99,30,4407,3.134908
99,30,4407,2.506356
99,30,4407,3.72171
99,30,4407,2.855131
99,30,4407,2.70847
99,30,4407,3.203077
99,30,4407,2.877772
99,30,4407,3.712221
99,30,4407,3.570815
99,30,4407,3.489227
99,30,4407,3.489874
99,30,4407,2.455174
99,30,4407,2.264401
99,30,4407,2.806936
99,30,4407,1.755238
99,30,4407,2.6429
99,30,4407,3.253683
99,30,4407,3.501463
99,30,4407,3.470246
99,30,4407,3.074489
99,30,4407,2.99919
99,30,4407,2.665184
99,30,4407,2.558263
99,30,4407,2.566427
99,30,4407,3.469003
99,30,4407,3.796283
99,30,4407,2.325707
99,30,4407,2.944104
99,30,4407,3.360371
99,30,4407,2.482196
99,30,4407,2.87143
99,30,4407,3.188494
99,30,4407,3.4815
99,30,4407,2.806185
99,30,4407,3.32864
99,30,4407,2.572911
99,30,4407,3.388612
99,30,4407,3.870743
99,30,4407,2.900037
99,30,4407,3.062553
99,30,4407,3.2994
99,30,4407,3.218419
99,30,4407,2.830345
99,30,4407,3.410752
99,30,4407,2.952787
99,30,4407,3.293262
99,30,4407,3.095478
99,30,4407,3.317829
99,30,4407,3.825161
99,30,4407,2.969687
99,30,4407,2.979252
99,30,4407,2.752356
99,30,4407,2.964574
99,30,4407,2.429179
99,30,4407,3.533587
99,30,4407,2.950621
99,30,4407,2.675997
99,30,4407,3.108525
99,30,4407,3.354049
99,30,4407,3.472359
99,30,4407,3.123462
99,30,4407,3.374035
99,30,4407,3.857549
99,30,4407,2.661478
99,30,4407,3.281605
99,30,4407,3.155915
99,30,4407,2.209625
99,30,4407,3.47535
99,30,4407,3.786328
99,30,4407,2.49277
99,30,4407,2.721118
99,30,4407,3.003809
99,30,4407,3.017267
99,30,4407,2.697902
99,30,4407,3.66629
99,30,4407,2.88167
99,30,4407,3.778745
99,30,4407,3.570955
99,30,4407,3.434128
99,30,4407,3.429332
99,30,4407,3.003859
99,30,4407,3.630111
99,30,4407,3.622278
99,30,4407,3.02619
99,30,4407,2.431781
99,30,4407,3.58325
99,30,4407,2.820517
99,30,4407,3.385345
99,30,4407,3.3368
99,30,4407,2.836474
99,30,4407,2.498089
99,30,4407,3.229824
99,30,4407,2.690982
99,30,4407,3.812223
99,30,4407,3.288093
99,30,4407,3.121451
99,30,4407,3.4937
99,30,4407,3.423862
99,30,4407,3.666438
99,30,4407,3.468053
99,30,4407,3.596343
99,30,4407,3.740145
99,30,4407,3.218038
99,30,4407,3.106508
99,30,4407,3.212732
99,30,4407,3.658595
99,30,4407,3.351206
99,30,4407,3.299106
99,30,4407,3.018023
99,30,4407,3.103615
99,30,4407,3.137331
99,30,4407,2.922508
99,30,4407,3.579062
99,30,4407,3.883475
99,30,4407,3.220722
99,30,4407,3.164739
99,30,4407,3.492173
99,30,4407,3.333863
99,30,4407,3.26109
99,30,4407,3.734021
99,30,4407,3.215616
99,30,4407,2.856778
95,30,13292,2.318166
95,30,13292,2.267095
95,30,13292,1.997793
95,30,13292,2.112009
95,30,13292,1.865817
46,30,5057,1.081621
46,30,5057,1.221899
46,30,5057,1.206038
46,30,5057,0.921819
46,30,5057,0.856371
46,30,5057,0.995926
46,30,5057,1.094525
46,30,5057,1.030551
46,30,5057,1.031832
46,30,5057,0.993798
99,30,4407,2.778331
99,30,4407,3.136086
99,30,4407,3.716102
99,30,4407,3.559645
99,30,4407,3.296662
99,30,4407,3.444128
99,30,4407,3.392442
99,30,4407,2.523628
99,30,4407,2.277859
99,30,4407,2.607548
99,30,4407,3.165733
99,30,4407,2.729949
99,30,4407,3.18977
99,30,4407,3.364917
99,30,4407,2.304147
99,30,4407,3.537381
99,30,4407,3.303282
99,30,4407,2.561198
99,30,4407,1.949819
99,30,4407,2.86712
99,30,4407,3.693278
99,30,4407,3.022692
99,30,4407,2.107979
99,30,4407,2.201813
99,30,4407,2.266689
99,30,4407,2.24794
99,30,4407,2.978653
99,30,4407,2.809173
99,30,4407,2.697791
99,30,4407,3.128083
99,30,4407,3.239116
99,30,4407,3.46416
99,30,4407,2.020605
99,30,4407,2.710778
99,30,4407,2.733637
99,30,4407,2.59587
99,30,4407,3.193882
99,30,4407,2.479401
99,30,4407,2.380087
99,30,4407,3.408113
99,30,4407,2.338922
99,30,4407,2.148103
99,30,4407,3.304775
99,30,4407,3.022817
99,30,4407,2.265732
99,30,4407,2.97159
99,30,4407,3.454452
99,30,4407,2.896011
99,30,4407,3.050256
99,30,4407,3.415861
99,30,4407,3.321535
99,30,4407,3.584292
99,30,4407,2.487534
99,30,4407,2.968894
99,30,4407,2.728622
99,30,4407,2.972581
99,30,4407,3.302204
99,30,4407,2.293595
99,30,4407,3.37848
99,30,4407,2.490819
99,30,4407,3.037142
99,30,4407,3.089098
99,30,4407,3.154022
99,30,4407,3.110536
99,30,4407,2.835058
99,30,4407,2.398292
99,30,4407,3.106866
99,30,4407,3.356238
99,30,4407,3.204504
99,30,4407,2.947729
99,30,4407,2.415244
99,30,4407,3.442589
99,30,4407,3.015916
99,30,4407,3.581477
99,30,4407,3.597586
99,30,4407,3.377692
99,30,4407,2.767399
99,30,4407,3.303922
99,30,4407,3.465388
99,30,4407,3.113451
99,30,4407,2.230966
99,30,4407,2.356449
99,30,4407,2.291848
99,30,4407,3.448154
99,30,4407,3.437481
99,30,4407,3.049534
99,30,4407,3.098331
99,30,4407,2.806664
99,30,4407,3.327601
99,30,4407,3.153201
99,30,4407,3.383244
99,30,4407,3.235382
99,30,4407,2.954335
99,30,4407,3.288092
99,30,4407,2.753744
99,30,4407,3.382158
99,30,4407,2.935671
99,30,4407,3.029684
99,30,4407,2.477677
99,30,4407,2.889479
99,30,4407,3.451509
99,30,4407,2.908877
99,30,4407,3.226297
99,30,4407,2.815657
99,30,4407,2.681504
99,30,4407,3.065824
99,30,4407,3.035224
99,30,4407,2.977946
99,30,4407,2.960616
99,30,4407,3.559441
99,30,4407,2.667413
99,30,4407,3.09659
99,30,4407,2.997764
99,30,4407,2.994708
99,30,4407,3.306551
99,30,4407,2.647418
99,30,4407,3.101345
99,30,4407,3.32391
99,30,4407,3.166807
99,30,4407,2.898899
99,30,4407,2.068295
99,30,4407,2.670677
99,30,4407,3.668236
99,30,4407,3.072604
99,30,4407,2.08997
99,30,4407,2.363855
99,30,4407,2.010072
99,30,4407,3.136744
99,30,4407,2.672836
99,30,4407,3.117593
99,30,4407,2.495852
99,30,4407,2.8092
99,30,4407,3.169574
99,30,4407,2.960645
99,30,4407,2.940897
99,30,4407,3.398005
99,30,4407,2.465132
99,30,4407,3.453108
99,30,4407,2.848577
99,30,4407,2.910741
99,30,4407,2.682412
99,30,4407,3.199987
99,30,4407,3.427072
99,30,4407,3.818554
99,30,4407,3.531406
99,30,4407,2.937018
99,30,4407,3.025914
99,30,4407,2.058591
99,30,4407,3.116822
99,30,4407,2.786163
99,30,4407,3.048842
99,30,4407,3.168046
99,30,4407,2.873232
99,30,4407,2.805201
99,30,4407,3.283313
99,30,4407,3.219514
99,30,4407,2.750657
99,30,4407,2.946302
99,30,4407,3.328883
99,30,4407,2.573458
99,30,4407,2.543062
99,30,4407,3.128057
99,30,4407,3.267476
99,30,4407,2.706805
99,30,4407,2.231674
99,30,4407,3.152828
99,30,4407,3.0508
99,30,4407,3.356012
99,30,4407,2.93273
99,30,4407,2.638861
99,30,4407,3.429325
99,30,4407,2.539994
99,30,4407,2.164675
99,30,4407,3.349407
99,30,4407,3.037443
99,30,4407,2.715861
99,30,4407,3.569536
99,30,4407,2.408739
99,30,4407,2.76879
99,30,4407,2.663343
99,30,4407,2.791966
99,30,4407,2.553125
99,30,4407,2.293549
99,30,4407,2.446557
99,30,4407,3.585771
99,30,4407,3.452021
99,30,4407,3.550603
99,30,4407,2.985382
99,30,4407,3.194111
99,30,4407,2.328472
99,30,4407,2.530777
99,30,4407,3.570169
99,30,4407,3.289968
99,30,4407,3.201359
99,30,4407,3.152118
99,30,4407,3.218334
99,30,4407,2.782863
99,30,4407,3.502664
99,30,4407,3.226657
99,30,4407,3.428328
99,30,4407,3.228497
99,30,4407,3.325282
99,30,4407,2.458364
99,30,4407,3.550326
99,30,4407,2.552834
99,30,4407,2.190625
99,30,4407,3.455598
99,30,4407,3.338775
99,30,4407,3.708235
99,30,4407,3.126352
99,30,4407,3.339245
99,30,4407,3.455142
99,30,4407,2.652885
99,30,4407,2.730085
99,30,4407,2.072873
99,30,4407,3.490928
99,30,4407,3.071621
99,30,4407,2.505721
99,30,4407,3.132387
99,30,4407,3.372864
99,30,4407,2.833276
99,30,4407,3.027459
99,30,4407,2.884154
99,30,4407,2.247859
99,30,4407,2.934227
99,30,4407,3.186641
99,30,4407,3.306866
99,30,4407,2.411115
99,30,4407,3.491039
99,30,4407,2.775186
99,30,4407,2.87672
99,30,4407,3.135064
99,30,4407,3.493903
99,30,4407,3.210992
99,30,4407,3.021433
99,30,4407,2.37227
99,30,4407,2.673327
99,30,4407,2.423597
99,30,4407,3.1335
99,30,4407,2.573184
99,30,4407,3.417409
99,30,4407,3.080919
99,30,4407,3.099482
99,30,4407,2.897734
99,30,4407,3.401729
99,30,4407,2.113614
99,30,4407,3.149964
99,30,4407,3.088749
99,30,4407,3.241153
99,30,4407,3.026337
99,30,4407,2.782435
99,30,4407,2.227014
99,30,4407,3.494263
99,30,4407,3.463402
99,30,4407,2.625236
99,30,4407,1.99488
99,30,4407,2.093599
99,30,4407,2.931186
99,30,4407,2.610195
99,30,4407,2.783577
99,30,4407,2.732366
99,30,4407,3.456657
99,30,4407,3.498545
99,30,4407,3.028796
99,30,4407,3.048206
99,30,4407,2.492781
99,30,4407,2.815124
99,30,4407,3.395339
99,30,4407,3.316504
99,30,4407,2.878835
99,30,4407,3.013821
99,30,4407,3.323955
99,30,4407,3.211448
99,30,4407,2.397862
99,30,4407,2.932848
99,30,4407,2.029485
99,30,4407,3.436502
99,30,4407,3.855555
99,30,4407,2.719381
99,30,4407,2.920913
99,30,4407,3.204447
99,30,4407,2.833814
99,30,4407,2.312495
99,30,4407,2.725917
99,30,4407,3.339035
99,30,4407,2.331791
99,30,4407,2.616903
99,30,4407,2.355563
99,30,4407,2.957938
99,30,4407,3.338259
99,30,4407,2.843793
99,30,4407,2.230732
99,30,4407,2.74103
99,30,4407,3.755829
99,30,4407,2.934117
99,30,4407,3.078959
99,30,4407,3.162245
99,30,4407,3.265216
99,30,4407,3.344237
99,30,4407,3.374579
99,30,4407,2.345429
99,30,4407,2.98492
99,30,4407,3.080549
99,30,4407,2.50914
99,30,4407,3.303906
99,30,4407,2.541492
99,30,4407,2.630622
99,30,4407,2.757645
99,30,4407,3.040667
99,30,4407,3.078082
99,30,4407,2.454713
99,30,4407,2.120237
99,30,4407,2.912902
99,30,4407,2.745388
99,30,4407,3.141019
99,30,4407,2.149834
99,30,4407,2.383978
99,30,4407,2.160195
99,30,4407,3.60005
99,30,4407,2.712783
99,30,4407,3.3376
99,30,4407,2.527246
99,30,4407,3.151475
99,30,4407,3.356493
99,30,4407,3.003086
99,30,4407,3.572366
99,30,4407,1.956431
99,30,4407,3.34429
99,30,4407,2.069179
99,30,4407,2.64082
99,30,4407,2.638284
99,30,4407,2.173378
99,30,4407,2.417015
99,30,4407,3.222931
99,30,4407,2.684824
99,30,4407,3.22774
99,30,4407,2.816407
99,30,4407,2.921666
99,30,4407,3.537002
99,30,4407,2.872698
99,30,4407,2.687768
99,30,4407,2.911827
99,30,4407,3.118344
99,30,4407,3.318584
99,30,4407,3.479201
99,30,4407,3.626992
99,30,4407,2.956158
99,30,4407,3.089061
99,30,4407,3.401364
99,30,4407,3.273091
99,30,4407,3.014599
99,30,4407,3.45483
99,30,4407,3.370629
99,30,4407,2.9369
99,30,4407,3.247212
99,30,4407,2.418091
99,30,4407,3.465764
99,30,4407,2.914096
99,30,4407,3.125199
99,30,4407,2.696043
99,30,4407,3.182865
99,30,4407,3.063958
99,30,4407,2.360651
99,30,4407,2.89543
99,30,4407,3.228717
99,30,4407,3.38127
99,30,4407,3.35423
99,30,4407,3.248076
99,30,4407,3.409058
99,30,4407,3.770318
99,30,4407,2.804941
99,30,4407,2.967763
99,30,4407,2.955488
99,30,4407,3.497185
99,30,4407,3.053393
99,30,4407,3.366348
99,30,4407,2.046941
99,30,4407,2.724094
99,30,4407,3.225583
99,30,4407,2.722424
99,30,4407,1.977716
99,30,4407,3.612739
99,30,4407,3.428854
99,30,4407,2.514703
99,30,4407,3.501337
99,30,4407,2.377725
99,30,4407,3.164941
99,30,4407,3.001762
99,30,4407,3.039328
99,30,4407,2.077113
99,30,4407,2.313601
99,30,4407,3.281417
99,30,4407,3.395725
99,30,4407,2.2014
99,30,4407,3.048081
99,30,4407,2.567907
99,30,4407,3.627626
99,30,4407,2.187297
99,30,4407,2.572401
99,30,4407,3.271352
99,30,4407,2.885118
99,30,4407,3.953583
99,30,4407,1.823772
99,30,4407,2.855081
99,30,4407,2.291016
99,30,4407,2.057657
99,30,4407,3.424953
99,30,4407,3.576325
99,30,4407,2.942812
99,30,4407,2.559427
99,30,4407,2.348295
99,30,4407,3.364467
99,30,4407,2.739921
99,30,4407,3.7804
99,30,4407,2.877575
99,30,4407,3.39566
99,30,4407,3.501798
99,30,4407,2.809973
99,30,4407,2.752357
99,30,4407,2.990888
99,30,4407,2.968496
99,30,4407,3.216655
99,30,4407,3.563408
99,30,4407,2.428422
99,30,4407,3.030588
99,30,4407,2.890764
99,30,4407,3.166218
99,30,4407,2.644403
99,30,4407,3.219035
99,30,4407,2.487486
99,30,4407,2.103915
99,30,4407,2.067125
99,30,4407,2.791252
99,30,4407,3.15635
99,30,4407,2.73544
99,30,4407,3.129935
99,30,4407,2.631441
99,30,4407,3.253289
99,30,4407,3.564604
99,30,4407,3.367652
99,30,4407,3.245105
99,30,4407,2.996953
99,30,4407,1.962292
99,30,4407,3.288678
99,30,4407,3.398939
99,30,4407,2.85616
99,30,4407,2.848021
99,30,4407,2.682946
99,30,4407,2.665267
99,30,4407,3.292534
99,30,4407,2.700375
99,30,4407,2.470868
99,30,4407,3.387066
99,30,4407,3.715371
99,30,4407,3.238446
99,30,4407,2.702618
99,30,4407,3.195972
99,30,4407,2.797892
99,30,4407,2.342002
99,30,4407,2.814175
99,30,4407,2.229795
99,30,4407,2.178081
99,30,4407,3.16754
99,30,4407,2.555339
99,30,4407,3.002562
99,30,4407,2.180616
99,30,4407,2.273434
99,30,4407,2.922589
99,30,4407,3.48612
99,30,4407,2.965707
99,30,4407,3.248812
99,30,4407,2.641618
99,30,4407,2.985445
99,30,4407,1.946255
99,30,4407,2.858274
99,30,4407,3.080798
99,30,4407,3.731303
99,30,4407,3.474959
99,30,4407,3.204826
99,30,4407,3.215625
99,30,4407,1.973801
99,30,4407,1.820686
99,30,4407,2.717255
99,30,4407,3.320012
99,30,4407,3.189741
99,30,4407,2.853755
99,30,4407,3.386804
99,30,4407,3.059687
99,30,4407,2.106993
99,30,4407,3.313626
99,30,4407,2.191875
99,30,4407,3.052439
99,30,4407,3.046357
99,30,4407,2.523046
99,30,4407,2.858793
99,30,4407,3.183291
99,30,4407,3.501843
99,30,4407,3.501958
99,30,4407,2.878192
99,30,4407,3.04889
99,30,4407,3.287107
99,30,4407,3.471984
99,30,4407,3.017376
99,30,4407,2.694739
99,30,4407,3.004307
99,30,4407,2.909083
99,30,4407,2.273979
99,30,4407,2.306976
99,30,4407,2.999206
99,30,4407,2.983022
99,30,4407,3.232561
99,30,4407,3.18975
99,30,4407,2.681113
99,30,4407,2.666425
99,30,4407,3.105557
99,30,4407,3.525372
99,30,4407,3.093827
99,30,4407,3.642896
99,30,4407,3.503883
99,30,4407,3.158513
99,30,4407,3.408179
99,30,4407,3.553915
99,30,4407,3.602816
99,30,4407,3.236665
99,30,4407,2.276883
99,30,4407,2.730003
99,30,4407,2.592038
99,30,4407,2.706777
99,30,4407,3.302473
99,30,4407,2.271434
99,30,4407,2.704936
99,30,4407,3.225484
99,30,4407,2.204113
99,30,4407,2.614921
99,30,4407,2.495837
99,30,4407,3.355523
99,30,4407,3.534346
99,30,4407,3.357982
99,30,4407,3.267665
99,30,4407,2.275722
99,30,4407,3.465358
99,30,4407,2.72164
99,30,4407,2.180147
99,30,4407,2.689172
99,30,4407,2.385946
99,30,4407,2.208163
99,30,4407,2.679575
99,30,4407,2.999442
99,30,4407,2.868782
99,30,4407,3.384493
99,30,4407,2.854547
99,30,4407,2.668245
99,30,4407,2.561705
99,30,4407,2.63786
99,30,4407,2.862269
99,30,4407,2.176565
99,30,4407,2.403603
99,30,4407,2.891141
99,30,4407,3.200635
99,30,4407,3.385506
99,30,4407,3.119182
99,30,4407,3.435749
99,30,4407,2.214053
54,30,3354,1.068271
54,30,3354,1.174491
54,30,3354,1.154301
54,30,3354,1.327818
54,30,3354,0.935895
54,30,3354,1.077961
54,30,3354,0.884514
54,30,3354,1.484515
54,30,3354,1.299646
54,30,3354,0.897682
54,30,3354,0.963449
54,30,3354,1.103368
54,30,3354,1.047974
54,30,3354,1.357642
54,30,3354,0.78223
54,30,3354,0.867446
54,30,3354,1.265301
54,30,3354,1.217184
54,30,3354,1.296471
54,30,3354,0.986839
54,30,3354,1.095409
54,30,3354,1.191573
54,30,3354,1.126968
54,30,3354,0.877097
54,30,3354,1.122938
54,30,3354,1.144722
54,30,3354,1.204894
54,30,3354,1.127731
54,30,3354,1.074072
54,30,3354,1.117811
54,30,3354,1.219993
54,30,3354,1.337557
54,30,3354,0.848594
54,30,3354,1.124501
54,30,3354,0.850385
54,30,3354,1.210005
54,30,3354,0.84475
54,30,3354,1.018747
52,30,8715,1.288793
52,30,8715,1.363468
52,30,8715,1.319413
52,30,8715,1.302232
52,30,8715,1.057343
52,30,8715,1.100063
52,30,8715,1.314312
52,30,8715,1.268879
52,30,8715,1.3119
52,30,8715,1.23995
52,30,8715,1.215393
52,30,8715,1.168772
52,30,8715,0.890148
52,30,8715,1.297469
52,30,8715,1.147284
52,30,8715,1.283336
52,30,8715,1.266634
52,30,8715,1.334355
52,30,8715,1.331275
52,30,8715,1.039951
52,30,8715,1.326702
52,30,8715,1.098964
52,30,8715,1.073618
5,30,14095,1.406992
5,30,14095,1.291791
5,30,14095,1.025885
5,30,14095,1.1897
5,30,14095,1.54356
5,30,14095,1.319257
5,30,14095,1.319626
5,30,14095,1.270799
5,30,14095,1.492145
5,30,14095,1.106946
5,30,14095,1.399056
5,30,14095,1.442211
5,30,14095,1.110745
5,30,14095,1.469802
5,30,14095,1.291031
5,30,14095,1.402774
5,30,14095,1.491807
5,30,14095,1.077731
5,30,14095,1.13484
4,30,13923,2.112272
4,30,13923,2.279584
4,30,13923,2.393185
4,30,13923,2.523875
4,30,13923,2.443577
4,30,13923,2.00199
4,30,13923,2.391263
4,30,13923,2.565874
4,30,13923,1.843181
4,30,13923,2.325627
4,30,13923,2.140062
4,30,13923,2.35925
4,30,13923,1.82987
4,30,13923,2.314052
4,30,13923,1.880715
4,30,13923,2.471664
4,30,13923,2.219927
4,30,13923,2.60024
4,30,13923,2.722553
4,30,13923,2.206817
4,30,13923,2.351894
4,30,13923,1.963021
4,30,13923,2.054139
4,30,13923,2.323102
4,30,13923,2.285216
104,30,3673,2.245284
104,30,3673,2.204865
104,30,3673,2.217548
104,30,3673,1.723906
104,30,3673,1.752584
104,30,3673,1.79517
104,30,3673,2.490103
104,30,3673,2.022223
104,30,3673,1.66371
104,30,3673,2.282568
104,30,3673,2.083173
104,30,3673,2.078418
104,30,3673,1.549686
104,30,3673,2.040148
104,30,3673,2.228137
104,30,3673,1.79765
104,30,3673,2.492062
104,30,3673,2.227747
104,30,3673,2.351549
104,30,3673,1.924323
105,30,5296,13.083037
105,30,5296,12.58821
18,30,4112,2.808711
18,30,4112,3.216228
18,30,4112,3.262361
18,30,4112,3.308696
18,30,4112,3.098292
18,30,4112,3.199284
18,30,4112,3.001923
18,30,4112,3.071746
18,30,4112,3.261556
18,30,4112,1.85234
18,30,4112,2.667625
18,30,4112,3.02114
18,30,4112,3.283655
18,30,4112,3.377498
18,30,4112,2.310349
18,30,4112,2.501808
18,30,4112,2.589584
18,30,4112,2.856281
18,30,4112,2.75036
18,30,4112,2.939277
18,30,4112,3.341311
18,30,4112,2.693839
18,30,4112,3.068846
18,30,4112,3.132006
18,30,4112,3.293231
18,30,4112,2.945586
18,30,4112,3.15211
18,30,4112,2.924375
18,30,4112,2.756071
18,30,4112,3.266241
18,30,4112,3.483098
18,30,4112,3.161687
18,30,4112,3.155423
18,30,4112,3.381026
18,30,4112,3.140164
18,30,4112,2.526542
18,30,4112,2.991408
18,30,4112,2.89904
18,30,4112,2.660053
18,30,4112,3.153598
18,30,4112,3.085959
18,30,4112,3.059459
18,30,4112,2.49397
18,30,4112,3.059606
18,30,4112,3.019934
18,30,4112,3.079743
18,30,4112,3.038684
18,30,4112,3.222634
18,30,4112,2.160488
18,30,4112,3.047395
17,30,9076,7.72674
17,30,9076,8.090009
17,30,9076,5.588031
17,30,9076,10.630398
17,30,9076,11.040605
17,30,9076,11.417502
17,30,9076,12.8456
17,30,9076,12.47689
17,30,9076,11.989191
17,30,9076,11.16352
17,30,9076,7.973775
17,30,9076,12.037895
17,30,9076,12.599182
17,30,9076,12.158842
17,30,9076,7.53651
17,30,9076,7.651974
17,30,9076,8.061193
17,30,9076,7.957392
17,30,9076,7.846091
17,30,9076,11.033251
17,30,9076,8.00679
17,30,9076,8.124962
17,30,9076,11.671892
17,30,9076,7.536396
17,30,9076,7.886203
17,30,9076,7.880115
17,30,9076,8.978879
17,30,9076,8.268501
17,30,9076,11.988789
17,30,9076,7.606041
17,30,9076,11.350606
17,30,9076,11.870527
17,30,9076,11.391771
17,30,9076,11.860741
17,30,9076,11.623816
17,30,9076,8.33689
17,30,9076,7.721342
17,30,9076,11.435225
17,30,9076,12.545045
17,30,9076,8.142266
17,30,9076,12.368657
17,30,9076,8.081458
17,30,9076,11.640238
17,30,9076,12.0275
17,30,9076,7.852388
17,30,9076,12.094876
17,30,9076,12.547843
17,30,9076,12.172469
17,30,9076,12.010325
17,30,9076,8.322264
17,30,9076,8.494199
17,30,9076,11.291224
17,30,9076,7.381604
17,30,9076,7.615071
17,30,9076,12.675387
17,30,9076,11.128642
17,30,9076,7.606311
17,30,9076,7.139568
17,30,9076,11.968693
17,30,9076,7.835182
17,30,9076,8.008572
17,30,9076,7.851101
17,30,9076,7.859516
17,30,9076,11.438687
17,30,9076,12.290081
17,30,9076,8.133906
17,30,9076,7.997652
17,30,9076,12.262787
17,30,9076,11.474759
17,30,9076,10.88839
17,30,9076,7.603609
17,30,9076,12.20284
17,30,9076,11.250983
17,30,9076,8.035912
17,30,9076,11.775893
17,30,9076,12.604743
17,30,9076,8.458217
17,30,9076,12.148642
17,30,9076,7.186996
17,30,9076,12.112034
17,30,9076,5.918519
17,30,9076,11.103601
17,30,9076,8.203393
17,30,9076,12.434166
17,30,9076,11.196633
17,30,9076,10.972376
17,30,9076,12.519616
17,30,9076,7.511859
17,30,9076,7.135686
17,30,9076,11.052184
17,30,9076,11.658881
17,30,9076,8.045575
17,30,9076,11.620156
17,30,9076,7.885233
17,30,9076,12.261577
17,30,9076,11.08739
17,30,9076,12.581597
17,30,9076,12.399611
17,30,9076,7.656013
17,30,9076,6.464796
17,30,9076,8.07262
17,30,9076,7.723199
17,30,9076,11.093699
17,30,9076,8.002146
17,30,9076,7.504071
17,30,9076,11.187765
17,30,9076,11.543933
17,30,9076,8.097898
17,30,9076,11.430411
17,30,9076,12.431364
17,30,9076,11.741845
17,30,9076,9.34359
17,30,9076,11.378935
17,30,9076,7.147014
17,30,9076,7.753938
17,30,9076,11.645446
17,30,9076,11.582926
17,30,9076,11.141134
17,30,9076,11.211241
17,30,9076,12.561836
17,30,9076,11.00014
17,30,9076,12.015773
17,30,9076,12.082538
17,30,9076,12.26365
17,30,9076,10.560726
17,30,9076,7.186003
17,30,9076,12.368677
17,30,9076,11.826802
17,30,9076,7.660209
17,30,9076,11.761624
17,30,9076,7.175741
17,30,9076,11.621389
17,30,9076,8.214866
17,30,9076,11.897515
17,30,9076,11.442628
17,30,9076,7.699545
17,30,9076,8.189217
17,30,9076,12.107969
17,30,9076,12.372958
17,30,9076,7.931569
17,30,9076,11.132695
17,30,9076,11.511259
17,30,9076,11.844885
17,30,9076,12.217298
17,30,9076,7.407917
17,30,9076,12.714294
17,30,9076,11.994509
17,30,9076,12.043153
17,30,9076,8.085985
17,30,9076,9.188181
17,30,9076,8.232979
17,30,9076,9.548641
17,30,9076,10.534711
17,30,9076,11.517565
17,30,9076,11.550975
17,30,9076,7.608724
17,30,9076,8.065696
17,30,9076,11.535101
17,30,9076,7.426924
17,30,9076,12.33788
17,30,9076,11.501612
17,30,9076,12.112793
17,30,9076,8.037287
17,30,9076,12.225334
17,30,9076,12.340292
17,30,9076,11.157319
17,30,9076,8.111214
17,30,9076,12.294758
17,30,9076,12.115496
17,30,9076,12.183527
17,30,9076,11.252163
17,30,9076,7.985976
17,30,9076,7.510376
17,30,9076,7.247854
17,30,9076,7.597586
17,30,9076,7.05311
17,30,9076,8.064089
17,30,9076,7.56015
17,30,9076,12.035639
17,30,9076,7.716479
17,30,9076,7.930558
17,30,9076,11.327817
17,30,9076,11.805498
17,30,9076,12.188164
17,30,9076,11.634591
17,30,9076,12.002161
17,30,9076,12.436512
17,30,9076,11.92393
17,30,9076,12.069996
17,30,9076,12.307722
17,30,9076,11.611956
17,30,9076,11.446149
17,30,9076,12.176848
63,30,13833,3.411379
63,30,13833,2.973338
63,30,13833,3.375738
63,30,13833,2.942879
63,30,13833,2.744994
63,30,13833,2.722093
63,30,13833,2.996037
63,30,13833,3.439272
63,30,13833,3.089227
63,30,13833,3.495525
63,30,13833,3.277654
63,30,13833,3.379208
63,30,13833,3.285945
63,30,13833,3.416436
63,30,13833,3.273818
68,30,11239,8.706361
68,30,11239,13.315955
68,30,11239,13.602774
68,30,11239,8.179558
68,30,11239,8.358379
68,30,11239,13.832936
68,30,11239,12.819731
68,30,11239,8.308386
68,30,11239,11.958706
68,30,11239,10.094774
68,30,11239,8.975601
68,30,11239,9.917191
68,30,11239,14.252229
68,30,11239,13.804845
68,30,11239,11.584228
68,30,11239,12.414675
57,30,12548,13.505048
57,30,12548,13.548024
57,30,12548,12.575565
54,30,3354,1.179138
54,30,3354,1.252577
54,30,3354,1.266629
54,30,3354,0.857995
54,30,3354,1.257966
54,30,3354,1.239858
54,30,3354,1.222386
54,30,3354,1.107827
54,30,3354,1.292961
54,30,3354,1.309774
54,30,3354,1.292669
54,30,3354,1.264874
54,30,3354,1.301048
54,30,3354,1.007636
54,30,3354,0.68994
54,30,3354,1.115869
54,30,3354,0.892029
54,30,3354,1.211921
54,30,3354,1.272642
54,30,3354,1.156745
54,30,3354,1.252998
54,30,3354,1.370382
54,30,3354,1.301621
54,30,3354,1.012281
54,30,3354,1.260581
54,30,3354,1.282112
54,30,3354,1.326563
54,30,3354,1.28523
54,30,3354,1.239485
54,30,3354,1.202783
54,30,3354,1.256197
54,30,3354,1.185807
54,30,3354,1.28641
54,30,3354,1.043985
54,30,3354,1.255344
54,30,3354,1.207063
54,30,3354,1.2993
54,30,3354,0.985429
54,30,3354,1.349456
54,30,3354,1.294528
54,30,3354,1.164064
54,30,3354,1.229176
54,30,3354,1.312546
54,30,3354,1.292051
54,30,3354,1.262991
54,30,3354,1.253837
54,30,3354,0.74152
54,30,3354,0.667367
54,30,3354,0.982303
54,30,3354,1.284621
54,30,3354,1.097749
54,30,3354,0.740695
54,30,3354,0.712871
54,30,3354,0.780224
54,30,3354,1.26733
54,30,3354,1.236319
54,30,3354,1.299738
54,30,3354,1.212267
54,30,3354,1.206312
52,30,8715,1.319812
52,30,8715,1.182737
52,30,8715,1.355302
52,30,8715,1.304115
52,30,8715,1.33719
52,30,8715,1.314314
52,30,8715,1.121369
52,30,8715,1.212481
52,30,8715,1.270429
52,30,8715,1.163825
52,30,8715,0.931569
52,30,8715,1.271884
52,30,8715,1.287078
52,30,8715,1.290072
52,30,8715,1.19339
52,30,8715,1.01419
52,30,8715,1.295569
52,30,8715,1.2571
52,30,8715,1.207442
52,30,8715,1.319309
18,30,4112,3.083241
18,30,4112,2.864693
18,30,4112,3.272534
18,30,4112,3.454938
18,30,4112,3.247358
18,30,4112,3.247013
18,30,4112,3.012164
18,30,4112,3.052411
18,30,4112,3.505095
18,30,4112,3.598999
18,30,4112,2.752225
18,30,4112,3.244878
18,30,4112,3.287178
18,30,4112,3.226969
18,30,4112,2.937067
18,30,4112,3.417183
18,30,4112,3.257481
18,30,4112,3.116326
18,30,4112,2.886455
18,30,4112,2.98652
18,30,4112,3.472324
18,30,4112,3.273089
18,30,4112,2.356554
18,30,4112,3.103729
18,30,4112,3.451225
18,30,4112,3.21615
18,30,4112,3.117952
18,30,4112,3.46531
18,30,4112,3.05558
18,30,4112,2.989534
18,30,4112,3.17017
18,30,4112,3.210002
18,30,4112,3.402496
18,30,4112,3.245042
18,30,4112,3.035938
18,30,4112,2.51728
18,30,4112,2.670728
18,30,4112,3.055296
18,30,4112,3.037034
18,30,4112,3.398642
18,30,4112,3.220269
18,30,4112,3.063154
18,30,4112,2.932044
17,30,9076,11.362575
17,30,9076,8.680555
17,30,9076,7.906166
17,30,9076,11.807114
17,30,9076,12.428208
17,30,9076,7.731205
17,30,9076,7.644327
17,30,9076,7.904441
17,30,9076,12.469434
17,30,9076,11.927944
17,30,9076,12.091849
17,30,9076,11.585263
17,30,9076,7.746128
17,30,9076,8.478074
17,30,9076,7.891985
17,30,9076,11.349949
17,30,9076,11.921515
17,30,9076,7.577852
17,30,9076,7.764692
17,30,9076,7.605732
17,30,9076,12.069796
17,30,9076,12.40773
17,30,9076,12.405077
17,30,9076,12.223592
17,30,9076,8.233797
17,30,9076,11.24564
17,30,9076,11.866779
17,30,9076,11.742234
17,30,9076,11.84038
17,30,9076,12.527694
17,30,9076,11.572367
17,30,9076,10.711989
17,30,9076,12.121557
17,30,9076,11.544445
17,30,9076,7.220655
17,30,9076,8.429787
17,30,9076,11.251165
17,30,9076,7.659058
17,30,9076,8.246899
17,30,9076,11.713021
17,30,9076,12.369678
17,30,9076,7.788706
17,30,9076,12.035735
17,30,9076,10.853615
17,30,9076,8.380593
17,30,9076,8.268561
17,30,9076,12.097108
17,30,9076,11.400461
17,30,9076,12.305915
17,30,9076,8.623807
17,30,9076,11.632543
17,30,9076,10.948105
17,30,9076,12.154584
17,30,9076,7.60722
17,30,9076,11.583244
17,30,9076,7.815964
17,30,9076,8.615177
17,30,9076,7.869656
17,30,9076,8.448255
17,30,9076,11.843983
17,30,9076,12.43164
17,30,9076,10.768437
17,30,9076,7.814631
17,30,9076,12.091787
17,30,9076,10.916857
17,30,9076,11.70195
17,30,9076,12.761084
17,30,9076,12.142575
17,30,9076,11.172122
17,30,9076,11.747042
17,30,9076,7.368869
17,30,9076,12.207431
17,30,9076,12.414115
17,30,9076,8.10433
17,30,9076,8.186917
17,30,9076,11.868131
17,30,9076,8.06249
17,30,9076,8.273627
17,30,9076,12.070232
17,30,9076,11.361224
17,30,9076,11.564293
17,30,9076,12.127685
17,30,9076,12.569919
17,30,9076,12.16359
17,30,9076,12.127936
17,30,9076,7.395465
17,30,9076,12.036391
17,30,9076,12.139773
17,30,9076,7.385659
17,30,9076,12.315448
17,30,9076,12.273287
17,30,9076,7.501003
17,30,9076,7.414788
17,30,9076,12.107071
17,30,9076,12.332667
17,30,9076,11.801862
17,30,9076,6.992217
17,30,9076,7.910309
17,30,9076,7.276215
17,30,9076,7.776169
17,30,9076,11.530166
17,30,9076,7.364417
17,30,9076,8.062505
17,30,9076,7.454811
17,30,9076,12.130112
17,30,9076,13.822154
17,30,9076,6.97516
17,30,9076,12.231149
17,30,9076,7.870809
17,30,9076,7.536875
17,30,9076,11.618069
17,30,9076,7.359097
17,30,9076,7.933344
17,30,9076,7.410631
17,30,9076,11.389828
17,30,9076,8.222279
17,30,9076,12.06094
17,30,9076,10.071151
17,30,9076,12.193705
17,30,9076,11.154257
17,30,9076,11.505161
17,30,9076,8.761907
17,30,9076,12.782614
17,30,9076,11.787353
17,30,9076,11.247143
17,30,9076,12.062011
17,30,9076,11.529805
17,30,9076,11.651071
17,30,9076,8.78476
17,30,9076,7.849973
17,30,9076,7.711559
17,30,9076,12.167816
17,30,9076,11.16056
17,30,9076,12.213903
17,30,9076,7.482769
17,30,9076,11.167702
17,30,9076,7.898312
17,30,9076,8.134433
17,30,9076,12.609274
17,30,9076,7.541275
17,30,9076,12.306924
17,30,9076,11.345497
17,30,9076,7.859054
17,30,9076,12.829946
17,30,9076,11.947234
17,30,9076,8.062432
17,30,9076,11.540612
17,30,9076,7.376278
17,30,9076,12.110542
17,30,9076,7.786449
17,30,9076,11.099596
17,30,9076,11.675327
17,30,9076,13.05637
17,30,9076,7.788721
17,30,9076,7.829116
17,30,9076,11.633776
17,30,9076,11.25385
17,30,9076,7.551453
